testcase/zwarte_beek/input/conductivity.asc
ncols        188
nrows        84
xllcorner    216580.000000000000
yllcorner    198160.000000000000
cellsize     5.000000000000
NODATA_value  -3.4028234663852885981e+38
[rows 0 to 17 of 84, columns 41 to 81 of 188]
-3.4028234663852885981e+38 -3.4028234663852885981e+38 -3.4028234663852885981e+38 -3.4028234663852885981e+38 -3.4028234663852885981e+38 -3.4028234663852885981e+38 -3.4028234663852885981e+38 -3.4028234663852885981e+38 -3.4028234663852885981e+38 -3.4028234663852885981e+38 -3.4028234663852885981e+38 -3.4028234663852885981e+38 -3.4028234663852885981e+38 -3.4028234663852885981e+38 -3.4028234663852885981e+38 -3.4028234663852885981e+38 -3.4028234663852885981e+38 -3.4028234663852885981e+38 -3.4028234663852885981e+38 -3.4028234663852885981e+38 -3.4028234663852885981e+38 -3.4028234663852885981e+38 -3.4028234663852885981e+38 -3.4028234663852885981e+38 -3.4028234663852885981e+38 -3.4028234663852885981e+38 -3.4028234663852885981e+38 -3.4028234663852885981e+38 -3.4028234663852885981e+38 -3.4028234663852885981e+38 -3.4028234663852885981e+38 -3.4028234663852885981e+38 -3.4028234663852885981e+38 -3.4028234663852885981e+38 -3.4028234663852885981e+38 -3.4028234663852885981e+38 -3.4028234663852885981e+38 -3.4028234663852885981e+38 -3.4028234663852885981e+38 -3.4028234663852885981e+38 -3.4028234663852885981e+38
-3.4028234663852885981e+38 -3.4028234663852885981e+38 -3.4028234663852885981e+38 -3.4028234663852885981e+38 -3.4028234663852885981e+38 -3.4028234663852885981e+38 -3.4028234663852885981e+38 -3.4028234663852885981e+38 -3.4028234663852885981e+38 -3.4028234663852885981e+38 -3.4028234663852885981e+38 -3.4028234663852885981e+38 -3.4028234663852885981e+38 -3.4028234663852885981e+38 -3.4028234663852885981e+38 -3.4028234663852885981e+38 -3.4028234663852885981e+38 -3.4028234663852885981e+38 -3.4028234663852885981e+38 -3.4028234663852885981e+38 -3.4028234663852885981e+38 -3.4028234663852885981e+38 -3.4028234663852885981e+38 -3.4028234663852885981e+38 -3.4028234663852885981e+38 -3.4028234663852885981e+38 -3.4028234663852885981e+38 -3.4028234663852885981e+38 -3.4028234663852885981e+38 -3.4028234663852885981e+38 -3.4028234663852885981e+38 -3.4028234663852885981e+38 -3.4028234663852885981e+38 -3.4028234663852885981e+38 -3.4028234663852885981e+38 -3.4028234663852885981e+38 -3.4028234663852885981e+38 -3.4028234663852885981e+38 -3.4028234663852885981e+38 -3.4028234663852885981e+38 -3.4028234663852885981e+38
-3.4028234663852885981e+38 -3.4028234663852885981e+38 -3.4028234663852885981e+38 -3.4028234663852885981e+38 -3.4028234663852885981e+38 -3.4028234663852885981e+38 -3.4028234663852885981e+38 -3.4028234663852885981e+38 -3.4028234663852885981e+38 -3.4028234663852885981e+38 -3.4028234663852885981e+38 -3.4028234663852885981e+38 -3.4028234663852885981e+38 -3.4028234663852885981e+38 -3.4028234663852885981e+38 -3.4028234663852885981e+38 -3.4028234663852885981e+38 -3.4028234663852885981e+38 -3.4028234663852885981e+38 -3.4028234663852885981e+38 -3.4028234663852885981e+38 -3.4028234663852885981e+38 -3.4028234663852885981e+38 -3.4028234663852885981e+38 -3.4028234663852885981e+38 -3.4028234663852885981e+38 -3.4028234663852885981e+38 -3.4028234663852885981e+38 -3.4028234663852885981e+38 -3.4028234663852885981e+38 -3.4028234663852885981e+38 -3.4028234663852885981e+38 -3.4028234663852885981e+38 -3.4028234663852885981e+38 -3.4028234663852885981e+38 -3.4028234663852885981e+38 -3.4028234663852885981e+38 -3.4028234663852885981e+38 -3.4028234663852885981e+38 -3.4028234663852885981e+38 -3.4028234663852885981e+38
-3.4028234663852885981e+38 -3.4028234663852885981e+38 -3.4028234663852885981e+38 -3.4028234663852885981e+38 -3.4028234663852885981e+38 -3.4028234663852885981e+38 -3.4028234663852885981e+38 -3.4028234663852885981e+38 -3.4028234663852885981e+38 -3.4028234663852885981e+38 -3.4028234663852885981e+38 -3.4028234663852885981e+38 -3.4028234663852885981e+38 -3.4028234663852885981e+38 -3.4028234663852885981e+38 -3.4028234663852885981e+38 -3.4028234663852885981e+38 -3.4028234663852885981e+38 -3.4028234663852885981e+38 -3.4028234663852885981e+38 -3.4028234663852885981e+38 -3.4028234663852885981e+38 -3.4028234663852885981e+38 -3.4028234663852885981e+38 -3.4028234663852885981e+38 -3.4028234663852885981e+38 -3.4028234663852885981e+38 -3.4028234663852885981e+38 -3.4028234663852885981e+38 -3.4028234663852885981e+38 -3.4028234663852885981e+38 -3.4028234663852885981e+38 -3.4028234663852885981e+38 -3.4028234663852885981e+38 -3.4028234663852885981e+38 -3.4028234663852885981e+38 -3.4028234663852885981e+38 -3.4028234663852885981e+38 -3.4028234663852885981e+38 -3.4028234663852885981e+38 -3.4028234663852885981e+38
-3.4028234663852885981e+38 -3.4028234663852885981e+38 -3.4028234663852885981e+38 -3.4028234663852885981e+38 -3.4028234663852885981e+38 -3.4028234663852885981e+38 -3.4028234663852885981e+38 -3.4028234663852885981e+38 -3.4028234663852885981e+38 -3.4028234663852885981e+38 -3.4028234663852885981e+38 -3.4028234663852885981e+38 -3.4028234663852885981e+38 -3.4028234663852885981e+38 -3.4028234663852885981e+38 221.199005126953125 221.199005126953125 221.199005126953125 221.199005126953125 210.5019989013671875 210.5019989013671875 210.5019989013671875 210.5019989013671875 197.5229949951171875 197.5229949951171875 197.5229949951171875 197.5229949951171875 186.6710052490234375 186.6710052490234375 186.6710052490234375 186.6710052490234375 178.8600006103515625 178.8600006103515625 178.8600006103515625 178.8600006103515625 173.6909942626953125 173.6909942626953125 173.6909942626953125 173.6909942626953125 170.5059967041015625 170.5059967041015625
-3.4028234663852885981e+38 -3.4028234663852885981e+38 -3.4028234663852885981e+38 -3.4028234663852885981e+38 -3.4028234663852885981e+38 -3.4028234663852885981e+38 -3.4028234663852885981e+38 -3.4028234663852885981e+38 -3.4028234663852885981e+38 -3.4028234663852885981e+38 -3.4028234663852885981e+38 -3.4028234663852885981e+38 -3.4028234663852885981e+38 -3.4028234663852885981e+38 -3.4028234663852885981e+38 221.199005126953125 221.199005126953125 221.199005126953125 221.199005126953125 210.5019989013671875 210.5019989013671875 210.5019989013671875 210.5019989013671875 197.5229949951171875 197.5229949951171875 197.5229949951171875 197.5229949951171875 186.6710052490234375 186.6710052490234375 186.6710052490234375 186.6710052490234375 178.8600006103515625 178.8600006103515625 178.8600006103515625 178.8600006103515625 173.6909942626953125 173.6909942626953125 173.6909942626953125 173.6909942626953125 170.5059967041015625 170.5059967041015625
-3.4028234663852885981e+38 -3.4028234663852885981e+38 -3.4028234663852885981e+38 -3.4028234663852885981e+38 -3.4028234663852885981e+38 -3.4028234663852885981e+38 -3.4028234663852885981e+38 -3.4028234663852885981e+38 -3.4028234663852885981e+38 -3.4028234663852885981e+38 -3.4028234663852885981e+38 -3.4028234663852885981e+38 -3.4028234663852885981e+38 -3.4028234663852885981e+38 -3.4028234663852885981e+38 221.199005126953125 221.199005126953125 221.199005126953125 221.199005126953125 210.5019989013671875 210.5019989013671875 210.5019989013671875 210.5019989013671875 197.5229949951171875 197.5229949951171875 197.5229949951171875 197.5229949951171875 186.6710052490234375 186.6710052490234375 186.6710052490234375 186.6710052490234375 178.8600006103515625 178.8600006103515625 178.8600006103515625 178.8600006103515625 173.6909942626953125 173.6909942626953125 173.6909942626953125 173.6909942626953125 170.5059967041015625 170.5059967041015625
-3.4028234663852885981e+38 -3.4028234663852885981e+38 -3.4028234663852885981e+38 -3.4028234663852885981e+38 -3.4028234663852885981e+38 -3.4028234663852885981e+38 -3.4028234663852885981e+38 -3.4028234663852885981e+38 -3.4028234663852885981e+38 -3.4028234663852885981e+38 -3.4028234663852885981e+38 -3.4028234663852885981e+38 -3.4028234663852885981e+38 -3.4028234663852885981e+38 -3.4028234663852885981e+38 221.199005126953125 221.199005126953125 221.199005126953125 221.199005126953125 210.5019989013671875 210.5019989013671875 210.5019989013671875 210.5019989013671875 197.5229949951171875 197.5229949951171875 197.5229949951171875 197.5229949951171875 186.6710052490234375 186.6710052490234375 186.6710052490234375 186.6710052490234375 178.8600006103515625 178.8600006103515625 178.8600006103515625 178.8600006103515625 173.6909942626953125 173.6909942626953125 173.6909942626953125 173.6909942626953125 170.5059967041015625 170.5059967041015625
-3.4028234663852885981e+38 -3.4028234663852885981e+38 -3.4028234663852885981e+38 -3.4028234663852885981e+38 -3.4028234663852885981e+38 -3.4028234663852885981e+38 -3.4028234663852885981e+38 -3.4028234663852885981e+38 -3.4028234663852885981e+38 -3.4028234663852885981e+38 -3.4028234663852885981e+38 -3.4028234663852885981e+38 -3.4028234663852885981e+38 -3.4028234663852885981e+38 -3.4028234663852885981e+38 218.766998291015625 218.766998291015625 218.766998291015625 218.766998291015625 205.0260009765625 205.0260009765625 205.0260009765625 205.0260009765625 187.875 187.875 187.875 187.875 175.8899993896484375 175.8899993896484375 175.8899993896484375 175.8899993896484375 168.2209930419921875 168.2209930419921875 168.2209930419921875 168.2209930419921875 163.4589996337890625 163.4589996337890625 163.4589996337890625 163.4589996337890625 160.253997802734375 160.253997802734375
-3.4028234663852885981e+38 -3.4028234663852885981e+38 -3.4028234663852885981e+38 -3.4028234663852885981e+38 -3.4028234663852885981e+38 -3.4028234663852885981e+38 -3.4028234663852885981e+38 -3.4028234663852885981e+38 -3.4028234663852885981e+38 -3.4028234663852885981e+38 -3.4028234663852885981e+38 -3.4028234663852885981e+38 -3.4028234663852885981e+38 -3.4028234663852885981e+38 -3.4028234663852885981e+38 218.766998291015625 218.766998291015625 218.766998291015625 218.766998291015625 205.0260009765625 205.0260009765625 205.0260009765625 205.0260009765625 187.875 187.875 187.875 187.875 175.8899993896484375 175.8899993896484375 175.8899993896484375 175.8899993896484375 168.2209930419921875 168.2209930419921875 168.2209930419921875 168.2209930419921875 163.4589996337890625 163.4589996337890625 163.4589996337890625 163.4589996337890625 160.253997802734375 160.253997802734375
-3.4028234663852885981e+38 -3.4028234663852885981e+38 -3.4028234663852885981e+38 -3.4028234663852885981e+38 -3.4028234663852885981e+38 -3.4028234663852885981e+38 -3.4028234663852885981e+38 -3.4028234663852885981e+38 -3.4028234663852885981e+38 -3.4028234663852885981e+38 -3.4028234663852885981e+38 -3.4028234663852885981e+38 -3.4028234663852885981e+38 -3.4028234663852885981e+38 -3.4028234663852885981e+38 218.766998291015625 218.766998291015625 218.766998291015625 218.766998291015625 205.0260009765625 205.0260009765625 205.0260009765625 205.0260009765625 187.875 187.875 187.875 187.875 175.8899993896484375 175.8899993896484375 175.8899993896484375 175.8899993896484375 168.2209930419921875 168.2209930419921875 168.2209930419921875 168.2209930419921875 163.4589996337890625 163.4589996337890625 163.4589996337890625 163.4589996337890625 160.253997802734375 160.253997802734375
-3.4028234663852885981e+38 -3.4028234663852885981e+38 -3.4028234663852885981e+38 -3.4028234663852885981e+38 -3.4028234663852885981e+38 -3.4028234663852885981e+38 -3.4028234663852885981e+38 -3.4028234663852885981e+38 -3.4028234663852885981e+38 -3.4028234663852885981e+38 -3.4028234663852885981e+38 -3.4028234663852885981e+38 -3.4028234663852885981e+38 -3.4028234663852885981e+38 -3.4028234663852885981e+38 218.766998291015625 218.766998291015625 218.766998291015625 218.766998291015625 205.0260009765625 205.0260009765625 205.0260009765625 205.0260009765625 187.875 187.875 187.875 187.875 175.8899993896484375 175.8899993896484375 175.8899993896484375 175.8899993896484375 168.2209930419921875 168.2209930419921875 168.2209930419921875 168.2209930419921875 163.4589996337890625 163.4589996337890625 163.4589996337890625 163.4589996337890625 160.253997802734375 160.253997802734375
-3.4028234663852885981e+38 -3.4028234663852885981e+38 -3.4028234663852885981e+38 -3.4028234663852885981e+38 -3.4028234663852885981e+38 -3.4028234663852885981e+38 -3.4028234663852885981e+38 -3.4028234663852885981e+38 -3.4028234663852885981e+38 -3.4028234663852885981e+38 -3.4028234663852885981e+38 -3.4028234663852885981e+38 -3.4028234663852885981e+38 -3.4028234663852885981e+38 -3.4028234663852885981e+38 205.8470001220703125 205.8470001220703125 205.8470001220703125 205.8470001220703125 187.7989959716796875 187.7989959716796875 187.7989959716796875 187.7989959716796875 171.3860015869140625 171.3860015869140625 171.3860015869140625 171.3860015869140625 160.8350067138671875 160.8350067138671875 160.8350067138671875 160.8350067138671875 155.121002197265625 155.121002197265625 155.121002197265625 155.121002197265625 151.990997314453125 151.990997314453125 151.990997314453125 151.990997314453125 149.64300537109375 149.64300537109375
-3.4028234663852885981e+38 -3.4028234663852885981e+38 -3.4028234663852885981e+38 -3.4028234663852885981e+38 -3.4028234663852885981e+38 -3.4028234663852885981e+38 -3.4028234663852885981e+38 -3.4028234663852885981e+38 -3.4028234663852885981e+38 -3.4028234663852885981e+38 -3.4028234663852885981e+38 -3.4028234663852885981e+38 -3.4028234663852885981e+38 -3.4028234663852885981e+38 -3.4028234663852885981e+38 205.8470001220703125 205.8470001220703125 205.8470001220703125 205.8470001220703125 187.7989959716796875 187.7989959716796875 187.7989959716796875 187.7989959716796875 171.3860015869140625 171.3860015869140625 171.3860015869140625 171.3860015869140625 160.8350067138671875 160.8350067138671875 160.8350067138671875 160.8350067138671875 155.121002197265625 155.121002197265625 155.121002197265625 155.121002197265625 151.990997314453125 151.990997314453125 151.990997314453125 151.990997314453125 149.64300537109375 149.64300537109375
-3.4028234663852885981e+38 -3.4028234663852885981e+38 -3.4028234663852885981e+38 -3.4028234663852885981e+38 -3.4028234663852885981e+38 -3.4028234663852885981e+38 -3.4028234663852885981e+38 -3.4028234663852885981e+38 -3.4028234663852885981e+38 -3.4028234663852885981e+38 -3.4028234663852885981e+38 -3.4028234663852885981e+38 -3.4028234663852885981e+38 -3.4028234663852885981e+38 -3.4028234663852885981e+38 205.8470001220703125 205.8470001220703125 205.8470001220703125 205.8470001220703125 187.7989959716796875 187.7989959716796875 187.7989959716796875 187.7989959716796875 171.3860015869140625 171.3860015869140625 171.3860015869140625 171.3860015869140625 160.8350067138671875 160.8350067138671875 160.8350067138671875 160.8350067138671875 155.121002197265625 155.121002197265625 155.121002197265625 155.121002197265625 151.990997314453125 151.990997314453125 151.990997314453125 151.990997314453125 149.64300537109375 149.64300537109375
-3.4028234663852885981e+38 -3.4028234663852885981e+38 -3.4028234663852885981e+38 -3.4028234663852885981e+38 -3.4028234663852885981e+38 -3.4028234663852885981e+38 -3.4028234663852885981e+38 -3.4028234663852885981e+38 -3.4028234663852885981e+38 -3.4028234663852885981e+38 -3.4028234663852885981e+38 -3.4028234663852885981e+38 -3.4028234663852885981e+38 -3.4028234663852885981e+38 -3.4028234663852885981e+38 205.8470001220703125 205.8470001220703125 205.8470001220703125 205.8470001220703125 187.7989959716796875 187.7989959716796875 187.7989959716796875 187.7989959716796875 171.3860015869140625 171.3860015869140625 171.3860015869140625 171.3860015869140625 160.8350067138671875 160.8350067138671875 160.8350067138671875 160.8350067138671875 155.121002197265625 155.121002197265625 155.121002197265625 155.121002197265625 151.990997314453125 151.990997314453125 151.990997314453125 151.990997314453125 149.64300537109375 149.64300537109375
-3.4028234663852885981e+38 -3.4028234663852885981e+38 -3.4028234663852885981e+38 -3.4028234663852885981e+38 -3.4028234663852885981e+38 -3.4028234663852885981e+38 -3.4028234663852885981e+38 -3.4028234663852885981e+38 -3.4028234663852885981e+38 -3.4028234663852885981e+38 -3.4028234663852885981e+38 215.264007568359375 215.264007568359375 215.264007568359375 215.264007568359375 190.01300048828125 190.01300048828125 190.01300048828125 190.01300048828125 165.89599609375 165.89599609375 165.89599609375 165.89599609375 149.5420074462890625 149.5420074462890625 149.5420074462890625 149.5420074462890625 142.964996337890625 142.964996337890625 142.964996337890625 142.964996337890625 141.2350006103515625 141.2350006103515625 141.2350006103515625 141.2350006103515625 141.0460052490234375 141.0460052490234375 141.0460052490234375 141.0460052490234375 140.83099365234375 140.83099365234375
-3.4028234663852885981e+38 -3.4028234663852885981e+38 -3.4028234663852885981e+38 -3.4028234663852885981e+38 -3.4028234663852885981e+38 -3.4028234663852885981e+38 -3.4028234663852885981e+38 -3.4028234663852885981e+38 -3.4028234663852885981e+38 -3.4028234663852885981e+38 -3.4028234663852885981e+38 215.264007568359375 215.264007568359375 215.264007568359375 215.264007568359375 190.01300048828125 190.01300048828125 190.01300048828125 190.01300048828125 165.89599609375 165.89599609375 165.89599609375 165.89599609375 149.5420074462890625 149.5420074462890625 149.5420074462890625 149.5420074462890625 142.964996337890625 142.964996337890625 142.964996337890625 142.964996337890625 141.2350006103515625 141.2350006103515625 141.2350006103515625 141.2350006103515625 141.0460052490234375 141.0460052490234375 141.0460052490234375 141.0460052490234375 140.83099365234375 140.83099365234375
