testcase/zwarte_beek/input/conductivity.asc
ncols        188
nrows        84
xllcorner    216580.000000000000
yllcorner    198160.000000000000
cellsize     5.000000000000
NODATA_value  -3.4028234663852885981e+38
[rows 54 to 71 of 84, columns 0 to 40 of 188]
144.699005126953125 144.699005126953125 144.699005126953125 144.699005126953125 127.4889984130859375 127.4889984130859375 127.4889984130859375 127.4889984130859375 111.84100341796875 111.84100341796875 111.84100341796875 111.84100341796875 107.03299713134765625 107.03299713134765625 107.03299713134765625 107.03299713134765625 110.58699798583984375 110.58699798583984375 110.58699798583984375 110.58699798583984375 118.02899932861328125 118.02899932861328125 118.02899932861328125 118.02899932861328125 122.83899688720703125 122.83899688720703125 122.83899688720703125 122.83899688720703125 130.1190032958984375 130.1190032958984375 130.1190032958984375 130.1190032958984375 138.9080047607421875 138.9080047607421875 138.9080047607421875 138.9080047607421875 -3.4028234663852885981e+38 -3.4028234663852885981e+38 -3.4028234663852885981e+38 -3.4028234663852885981e+38 -3.4028234663852885981e+38
144.699005126953125 144.699005126953125 144.699005126953125 144.699005126953125 127.4889984130859375 127.4889984130859375 127.4889984130859375 127.4889984130859375 111.84100341796875 111.84100341796875 111.84100341796875 111.84100341796875 107.03299713134765625 107.03299713134765625 107.03299713134765625 107.03299713134765625 110.58699798583984375 110.58699798583984375 110.58699798583984375 110.58699798583984375 118.02899932861328125 118.02899932861328125 118.02899932861328125 118.02899932861328125 122.83899688720703125 122.83899688720703125 122.83899688720703125 122.83899688720703125 130.1190032958984375 130.1190032958984375 130.1190032958984375 130.1190032958984375 138.9080047607421875 138.9080047607421875 138.9080047607421875 138.9080047607421875 -3.4028234663852885981e+38 -3.4028234663852885981e+38 -3.4028234663852885981e+38 -3.4028234663852885981e+38 -3.4028234663852885981e+38
163.126007080078125 163.126007080078125 163.126007080078125 163.126007080078125 143.0720062255859375 143.0720062255859375 143.0720062255859375 143.0720062255859375 123.9250030517578125 123.9250030517578125 123.9250030517578125 123.9250030517578125 112.8249969482421875 112.8249969482421875 112.8249969482421875 112.8249969482421875 109.51000213623046875 109.51000213623046875 109.51000213623046875 109.51000213623046875 109.8470001220703125 109.8470001220703125 109.8470001220703125 109.8470001220703125 113.128997802734375 113.128997802734375 113.128997802734375 113.128997802734375 123.92099761962890625 123.92099761962890625 123.92099761962890625 123.92099761962890625 138.1869964599609375 138.1869964599609375 138.1869964599609375 138.1869964599609375 -3.4028234663852885981e+38 -3.4028234663852885981e+38 -3.4028234663852885981e+38 -3.4028234663852885981e+38 -3.4028234663852885981e+38
163.126007080078125 163.126007080078125 163.126007080078125 163.126007080078125 143.0720062255859375 143.0720062255859375 143.0720062255859375 143.0720062255859375 123.9250030517578125 123.9250030517578125 123.9250030517578125 123.9250030517578125 112.8249969482421875 112.8249969482421875 112.8249969482421875 112.8249969482421875 109.51000213623046875 109.51000213623046875 109.51000213623046875 109.51000213623046875 109.8470001220703125 109.8470001220703125 109.8470001220703125 109.8470001220703125 113.128997802734375 113.128997802734375 113.128997802734375 113.128997802734375 123.92099761962890625 123.92099761962890625 123.92099761962890625 123.92099761962890625 138.1869964599609375 138.1869964599609375 138.1869964599609375 138.1869964599609375 -3.4028234663852885981e+38 -3.4028234663852885981e+38 -3.4028234663852885981e+38 -3.4028234663852885981e+38 -3.4028234663852885981e+38
163.126007080078125 163.126007080078125 163.126007080078125 163.126007080078125 143.0720062255859375 143.0720062255859375 143.0720062255859375 143.0720062255859375 123.9250030517578125 123.9250030517578125 123.9250030517578125 123.9250030517578125 112.8249969482421875 112.8249969482421875 112.8249969482421875 112.8249969482421875 109.51000213623046875 109.51000213623046875 109.51000213623046875 109.51000213623046875 109.8470001220703125 109.8470001220703125 109.8470001220703125 109.8470001220703125 113.128997802734375 113.128997802734375 113.128997802734375 113.128997802734375 123.92099761962890625 123.92099761962890625 123.92099761962890625 123.92099761962890625 138.1869964599609375 138.1869964599609375 138.1869964599609375 138.1869964599609375 -3.4028234663852885981e+38 -3.4028234663852885981e+38 -3.4028234663852885981e+38 -3.4028234663852885981e+38 -3.4028234663852885981e+38
163.126007080078125 163.126007080078125 163.126007080078125 163.126007080078125 143.0720062255859375 143.0720062255859375 143.0720062255859375 143.0720062255859375 123.9250030517578125 123.9250030517578125 123.9250030517578125 123.9250030517578125 112.8249969482421875 112.8249969482421875 112.8249969482421875 112.8249969482421875 109.51000213623046875 109.51000213623046875 109.51000213623046875 109.51000213623046875 109.8470001220703125 109.8470001220703125 109.8470001220703125 109.8470001220703125 113.128997802734375 113.128997802734375 113.128997802734375 113.128997802734375 123.92099761962890625 123.92099761962890625 123.92099761962890625 123.92099761962890625 138.1869964599609375 138.1869964599609375 138.1869964599609375 138.1869964599609375 -3.4028234663852885981e+38 -3.4028234663852885981e+38 -3.4028234663852885981e+38 -3.4028234663852885981e+38 -3.4028234663852885981e+38
182.8119964599609375 182.8119964599609375 182.8119964599609375 182.8119964599609375 155.0110015869140625 155.0110015869140625 155.0110015869140625 155.0110015869140625 132.4029998779296875 132.4029998779296875 132.4029998779296875 132.4029998779296875 117.852996826171875 117.852996826171875 117.852996826171875 117.852996826171875 112.0449981689453125 112.0449981689453125 112.0449981689453125 112.0449981689453125 109.15000152587890625 109.15000152587890625 109.15000152587890625 109.15000152587890625 106.746002197265625 106.746002197265625 106.746002197265625 106.746002197265625 125.3079986572265625 125.3079986572265625 125.3079986572265625 125.3079986572265625 151.7270050048828125 151.7270050048828125 151.7270050048828125 151.7270050048828125 163.32000732421875 163.32000732421875 163.32000732421875 163.32000732421875 -3.4028234663852885981e+38
182.8119964599609375 182.8119964599609375 182.8119964599609375 182.8119964599609375 155.0110015869140625 155.0110015869140625 155.0110015869140625 155.0110015869140625 132.4029998779296875 132.4029998779296875 132.4029998779296875 132.4029998779296875 117.852996826171875 117.852996826171875 117.852996826171875 117.852996826171875 112.0449981689453125 112.0449981689453125 112.0449981689453125 112.0449981689453125 109.15000152587890625 109.15000152587890625 109.15000152587890625 109.15000152587890625 106.746002197265625 106.746002197265625 106.746002197265625 106.746002197265625 125.3079986572265625 125.3079986572265625 125.3079986572265625 125.3079986572265625 151.7270050048828125 151.7270050048828125 151.7270050048828125 151.7270050048828125 163.32000732421875 163.32000732421875 163.32000732421875 163.32000732421875 -3.4028234663852885981e+38
182.8119964599609375 182.8119964599609375 182.8119964599609375 182.8119964599609375 155.0110015869140625 155.0110015869140625 155.0110015869140625 155.0110015869140625 132.4029998779296875 132.4029998779296875 132.4029998779296875 132.4029998779296875 117.852996826171875 117.852996826171875 117.852996826171875 117.852996826171875 112.0449981689453125 112.0449981689453125 112.0449981689453125 112.0449981689453125 109.15000152587890625 109.15000152587890625 109.15000152587890625 109.15000152587890625 106.746002197265625 106.746002197265625 106.746002197265625 106.746002197265625 125.3079986572265625 125.3079986572265625 125.3079986572265625 125.3079986572265625 151.7270050048828125 151.7270050048828125 151.7270050048828125 151.7270050048828125 163.32000732421875 163.32000732421875 163.32000732421875 163.32000732421875 -3.4028234663852885981e+38
182.8119964599609375 182.8119964599609375 182.8119964599609375 182.8119964599609375 155.0110015869140625 155.0110015869140625 155.0110015869140625 155.0110015869140625 132.4029998779296875 132.4029998779296875 132.4029998779296875 132.4029998779296875 117.852996826171875 117.852996826171875 117.852996826171875 117.852996826171875 112.0449981689453125 112.0449981689453125 112.0449981689453125 112.0449981689453125 109.15000152587890625 109.15000152587890625 109.15000152587890625 109.15000152587890625 106.746002197265625 106.746002197265625 106.746002197265625 106.746002197265625 125.3079986572265625 125.3079986572265625 125.3079986572265625 125.3079986572265625 151.7270050048828125 151.7270050048828125 151.7270050048828125 151.7270050048828125 163.32000732421875 163.32000732421875 163.32000732421875 163.32000732421875 -3.4028234663852885981e+38
177.8950042724609375 177.8950042724609375 177.8950042724609375 177.8950042724609375 158.33599853515625 158.33599853515625 158.33599853515625 158.33599853515625 137.1230010986328125 137.1230010986328125 137.1230010986328125 137.1230010986328125 121.81500244140625 121.81500244140625 121.81500244140625 121.81500244140625 122.7429962158203125 122.7429962158203125 122.7429962158203125 122.7429962158203125 128.75 128.75 128.75 128.75 122.4250030517578125 122.4250030517578125 122.4250030517578125 122.4250030517578125 156.28399658203125 156.28399658203125 156.28399658203125 156.28399658203125 190.6620025634765625 190.6620025634765625 190.6620025634765625 190.6620025634765625 197.0030059814453125 197.0030059814453125 197.0030059814453125 197.0030059814453125 -3.4028234663852885981e+38
177.8950042724609375 177.8950042724609375 177.8950042724609375 177.8950042724609375 158.33599853515625 158.33599853515625 158.33599853515625 158.33599853515625 137.1230010986328125 137.1230010986328125 137.1230010986328125 137.1230010986328125 121.81500244140625 121.81500244140625 121.81500244140625 121.81500244140625 122.7429962158203125 122.7429962158203125 122.7429962158203125 122.7429962158203125 128.75 128.75 128.75 128.75 122.4250030517578125 122.4250030517578125 122.4250030517578125 122.4250030517578125 156.28399658203125 156.28399658203125 156.28399658203125 156.28399658203125 190.6620025634765625 190.6620025634765625 190.6620025634765625 190.6620025634765625 197.0030059814453125 197.0030059814453125 197.0030059814453125 197.0030059814453125 -3.4028234663852885981e+38
177.8950042724609375 177.8950042724609375 177.8950042724609375 177.8950042724609375 158.33599853515625 158.33599853515625 158.33599853515625 158.33599853515625 137.1230010986328125 137.1230010986328125 137.1230010986328125 137.1230010986328125 121.81500244140625 121.81500244140625 121.81500244140625 121.81500244140625 122.7429962158203125 122.7429962158203125 122.7429962158203125 122.7429962158203125 128.75 128.75 128.75 128.75 122.4250030517578125 122.4250030517578125 122.4250030517578125 122.4250030517578125 156.28399658203125 156.28399658203125 156.28399658203125 156.28399658203125 190.6620025634765625 190.6620025634765625 190.6620025634765625 190.6620025634765625 197.0030059814453125 197.0030059814453125 197.0030059814453125 197.0030059814453125 -3.4028234663852885981e+38
177.8950042724609375 177.8950042724609375 177.8950042724609375 177.8950042724609375 158.33599853515625 158.33599853515625 158.33599853515625 158.33599853515625 137.1230010986328125 137.1230010986328125 137.1230010986328125 137.1230010986328125 121.81500244140625 121.81500244140625 121.81500244140625 121.81500244140625 122.7429962158203125 122.7429962158203125 122.7429962158203125 122.7429962158203125 128.75 128.75 128.75 128.75 122.4250030517578125 122.4250030517578125 122.4250030517578125 122.4250030517578125 156.28399658203125 156.28399658203125 156.28399658203125 156.28399658203125 190.6620025634765625 190.6620025634765625 190.6620025634765625 190.6620025634765625 197.0030059814453125 197.0030059814453125 197.0030059814453125 197.0030059814453125 -3.4028234663852885981e+38
172.813995361328125 172.813995361328125 172.813995361328125 172.813995361328125 159.8379974365234375 159.8379974365234375 159.8379974365234375 159.8379974365234375 144.3000030517578125 144.3000030517578125 144.3000030517578125 144.3000030517578125 129.9120025634765625 129.9120025634765625 129.9120025634765625 129.9120025634765625 146.582000732421875 146.582000732421875 146.582000732421875 146.582000732421875 175.677001953125 175.677001953125 175.677001953125 175.677001953125 213.0240020751953125 213.0240020751953125 213.0240020751953125 213.0240020751953125 254.5160064697265625 254.5160064697265625 254.5160064697265625 254.5160064697265625 255.5489959716796875 255.5489959716796875 255.5489959716796875 255.5489959716796875 239.27099609375 239.27099609375 239.27099609375 239.27099609375 -3.4028234663852885981e+38
172.813995361328125 172.813995361328125 172.813995361328125 172.813995361328125 159.8379974365234375 159.8379974365234375 159.8379974365234375 159.8379974365234375 144.3000030517578125 144.3000030517578125 144.3000030517578125 144.3000030517578125 129.9120025634765625 129.9120025634765625 129.9120025634765625 129.9120025634765625 146.582000732421875 146.582000732421875 146.582000732421875 146.582000732421875 175.677001953125 175.677001953125 175.677001953125 175.677001953125 213.0240020751953125 213.0240020751953125 213.0240020751953125 213.0240020751953125 254.5160064697265625 254.5160064697265625 254.5160064697265625 254.5160064697265625 255.5489959716796875 255.5489959716796875 255.5489959716796875 255.5489959716796875 239.27099609375 239.27099609375 239.27099609375 239.27099609375 -3.4028234663852885981e+38
172.813995361328125 172.813995361328125 172.813995361328125 172.813995361328125 159.8379974365234375 159.8379974365234375 159.8379974365234375 159.8379974365234375 144.3000030517578125 144.3000030517578125 144.3000030517578125 144.3000030517578125 129.9120025634765625 129.9120025634765625 129.9120025634765625 129.9120025634765625 146.582000732421875 146.582000732421875 146.582000732421875 146.582000732421875 175.677001953125 175.677001953125 175.677001953125 175.677001953125 213.0240020751953125 213.0240020751953125 213.0240020751953125 213.0240020751953125 254.5160064697265625 254.5160064697265625 254.5160064697265625 254.5160064697265625 255.5489959716796875 255.5489959716796875 255.5489959716796875 255.5489959716796875 239.27099609375 239.27099609375 239.27099609375 239.27099609375 -3.4028234663852885981e+38
172.813995361328125 172.813995361328125 172.813995361328125 172.813995361328125 159.8379974365234375 159.8379974365234375 159.8379974365234375 159.8379974365234375 144.3000030517578125 144.3000030517578125 144.3000030517578125 144.3000030517578125 129.9120025634765625 129.9120025634765625 129.9120025634765625 129.9120025634765625 146.582000732421875 146.582000732421875 146.582000732421875 146.582000732421875 175.677001953125 175.677001953125 175.677001953125 175.677001953125 213.0240020751953125 213.0240020751953125 213.0240020751953125 213.0240020751953125 254.5160064697265625 254.5160064697265625 254.5160064697265625 254.5160064697265625 255.5489959716796875 255.5489959716796875 255.5489959716796875 255.5489959716796875 239.27099609375 239.27099609375 239.27099609375 239.27099609375 -3.4028234663852885981e+38
