testcase/zwarte_beek/input/conductivity.asc
ncols        188
nrows        84
xllcorner    216580.000000000000
yllcorner    198160.000000000000
cellsize     5.000000000000
NODATA_value  -3.4028234663852885981e+38
[rows 18 to 35 of 84, columns 41 to 81 of 188]
-3.4028234663852885981e+38 -3.4028234663852885981e+38 -3.4028234663852885981e+38 -3.4028234663852885981e+38 -3.4028234663852885981e+38 -3.4028234663852885981e+38 -3.4028234663852885981e+38 -3.4028234663852885981e+38 -3.4028234663852885981e+38 -3.4028234663852885981e+38 -3.4028234663852885981e+38 215.264007568359375 215.264007568359375 215.264007568359375 215.264007568359375 190.01300048828125 190.01300048828125 190.01300048828125 190.01300048828125 165.89599609375 165.89599609375 165.89599609375 165.89599609375 149.5420074462890625 149.5420074462890625 149.5420074462890625 149.5420074462890625 142.964996337890625 142.964996337890625 142.964996337890625 142.964996337890625 141.2350006103515625 141.2350006103515625 141.2350006103515625 141.2350006103515625 141.0460052490234375 141.0460052490234375 141.0460052490234375 141.0460052490234375 140.83099365234375 140.83099365234375
-3.4028234663852885981e+38 -3.4028234663852885981e+38 -3.4028234663852885981e+38 -3.4028234663852885981e+38 -3.4028234663852885981e+38 -3.4028234663852885981e+38 -3.4028234663852885981e+38 -3.4028234663852885981e+38 -3.4028234663852885981e+38 -3.4028234663852885981e+38 -3.4028234663852885981e+38 215.264007568359375 215.264007568359375 215.264007568359375 215.264007568359375 190.01300048828125 190.01300048828125 190.01300048828125 190.01300048828125 165.89599609375 165.89599609375 165.89599609375 165.89599609375 149.5420074462890625 149.5420074462890625 149.5420074462890625 149.5420074462890625 142.964996337890625 142.964996337890625 142.964996337890625 142.964996337890625 141.2350006103515625 141.2350006103515625 141.2350006103515625 141.2350006103515625 141.0460052490234375 141.0460052490234375 141.0460052490234375 141.0460052490234375 140.83099365234375 140.83099365234375
280.503997802734375 280.503997802734375 280.503997802734375 265.407012939453125 265.407012939453125 265.407012939453125 265.407012939453125 239.332000732421875 239.332000732421875 239.332000732421875 239.332000732421875 208.535003662109375 208.535003662109375 208.535003662109375 208.535003662109375 175.417999267578125 175.417999267578125 175.417999267578125 175.417999267578125 142.2209930419921875 142.2209930419921875 142.2209930419921875 142.2209930419921875 124.93399810791015625 124.93399810791015625 124.93399810791015625 124.93399810791015625 126.1750030517578125 126.1750030517578125 126.1750030517578125 126.1750030517578125 129.2899932861328125 129.2899932861328125 129.2899932861328125 129.2899932861328125 132.32000732421875 132.32000732421875 132.32000732421875 132.32000732421875 134.923004150390625 134.923004150390625
280.503997802734375 280.503997802734375 280.503997802734375 265.407012939453125 265.407012939453125 265.407012939453125 265.407012939453125 239.332000732421875 239.332000732421875 239.332000732421875 239.332000732421875 208.535003662109375 208.535003662109375 208.535003662109375 208.535003662109375 175.417999267578125 175.417999267578125 175.417999267578125 175.417999267578125 142.2209930419921875 142.2209930419921875 142.2209930419921875 142.2209930419921875 124.93399810791015625 124.93399810791015625 124.93399810791015625 124.93399810791015625 126.1750030517578125 126.1750030517578125 126.1750030517578125 126.1750030517578125 129.2899932861328125 129.2899932861328125 129.2899932861328125 129.2899932861328125 132.32000732421875 132.32000732421875 132.32000732421875 132.32000732421875 134.923004150390625 134.923004150390625
280.503997802734375 280.503997802734375 280.503997802734375 265.407012939453125 265.407012939453125 265.407012939453125 265.407012939453125 239.332000732421875 239.332000732421875 239.332000732421875 239.332000732421875 208.535003662109375 208.535003662109375 208.535003662109375 208.535003662109375 175.417999267578125 175.417999267578125 175.417999267578125 175.417999267578125 142.2209930419921875 142.2209930419921875 142.2209930419921875 142.2209930419921875 124.93399810791015625 124.93399810791015625 124.93399810791015625 124.93399810791015625 126.1750030517578125 126.1750030517578125 126.1750030517578125 126.1750030517578125 129.2899932861328125 129.2899932861328125 129.2899932861328125 129.2899932861328125 132.32000732421875 132.32000732421875 132.32000732421875 132.32000732421875 134.923004150390625 134.923004150390625
280.503997802734375 280.503997802734375 280.503997802734375 265.407012939453125 265.407012939453125 265.407012939453125 265.407012939453125 239.332000732421875 239.332000732421875 239.332000732421875 239.332000732421875 208.535003662109375 208.535003662109375 208.535003662109375 208.535003662109375 175.417999267578125 175.417999267578125 175.417999267578125 175.417999267578125 142.2209930419921875 142.2209930419921875 142.2209930419921875 142.2209930419921875 124.93399810791015625 124.93399810791015625 124.93399810791015625 124.93399810791015625 126.1750030517578125 126.1750030517578125 126.1750030517578125 126.1750030517578125 129.2899932861328125 129.2899932861328125 129.2899932861328125 129.2899932861328125 132.32000732421875 132.32000732421875 132.32000732421875 132.32000732421875 134.923004150390625 134.923004150390625
299.326995849609375 299.326995849609375 299.326995849609375 273.1669921875 273.1669921875 273.1669921875 273.1669921875 238.72900390625 238.72900390625 238.72900390625 238.72900390625 203.011993408203125 203.011993408203125 203.011993408203125 203.011993408203125 166.8990020751953125 166.8990020751953125 166.8990020751953125 166.8990020751953125 131.5980072021484375 131.5980072021484375 131.5980072021484375 131.5980072021484375 114.22100067138671875 114.22100067138671875 114.22100067138671875 114.22100067138671875 117.37000274658203125 117.37000274658203125 117.37000274658203125 117.37000274658203125 122.05999755859375 122.05999755859375 122.05999755859375 122.05999755859375 126.78800201416015625 126.78800201416015625 126.78800201416015625 126.78800201416015625 131.44500732421875 131.44500732421875
299.326995849609375 299.326995849609375 299.326995849609375 273.1669921875 273.1669921875 273.1669921875 273.1669921875 238.72900390625 238.72900390625 238.72900390625 238.72900390625 203.011993408203125 203.011993408203125 203.011993408203125 203.011993408203125 166.8990020751953125 166.8990020751953125 166.8990020751953125 166.8990020751953125 131.5980072021484375 131.5980072021484375 131.5980072021484375 131.5980072021484375 114.22100067138671875 114.22100067138671875 114.22100067138671875 114.22100067138671875 117.37000274658203125 117.37000274658203125 117.37000274658203125 117.37000274658203125 122.05999755859375 122.05999755859375 122.05999755859375 122.05999755859375 126.78800201416015625 126.78800201416015625 126.78800201416015625 126.78800201416015625 131.44500732421875 131.44500732421875
299.326995849609375 299.326995849609375 299.326995849609375 273.1669921875 273.1669921875 273.1669921875 273.1669921875 238.72900390625 238.72900390625 238.72900390625 238.72900390625 203.011993408203125 203.011993408203125 203.011993408203125 203.011993408203125 166.8990020751953125 166.8990020751953125 166.8990020751953125 166.8990020751953125 131.5980072021484375 131.5980072021484375 131.5980072021484375 131.5980072021484375 114.22100067138671875 114.22100067138671875 114.22100067138671875 114.22100067138671875 117.37000274658203125 117.37000274658203125 117.37000274658203125 117.37000274658203125 122.05999755859375 122.05999755859375 122.05999755859375 122.05999755859375 126.78800201416015625 126.78800201416015625 126.78800201416015625 126.78800201416015625 131.44500732421875 131.44500732421875
299.326995849609375 299.326995849609375 299.326995849609375 273.1669921875 273.1669921875 273.1669921875 273.1669921875 238.72900390625 238.72900390625 238.72900390625 238.72900390625 203.011993408203125 203.011993408203125 203.011993408203125 203.011993408203125 166.8990020751953125 166.8990020751953125 166.8990020751953125 166.8990020751953125 131.5980072021484375 131.5980072021484375 131.5980072021484375 131.5980072021484375 114.22100067138671875 114.22100067138671875 114.22100067138671875 114.22100067138671875 117.37000274658203125 117.37000274658203125 117.37000274658203125 117.37000274658203125 122.05999755859375 122.05999755859375 122.05999755859375 122.05999755859375 126.78800201416015625 126.78800201416015625 126.78800201416015625 126.78800201416015625 131.44500732421875 131.44500732421875
301.571990966796875 301.571990966796875 301.571990966796875 267.75799560546875 267.75799560546875 267.75799560546875 267.75799560546875 231.7969970703125 231.7969970703125 231.7969970703125 231.7969970703125 196.8699951171875 196.8699951171875 196.8699951171875 196.8699951171875 164.0399932861328125 164.0399932861328125 164.0399932861328125 164.0399932861328125 136.4250030517578125 136.4250030517578125 136.4250030517578125 136.4250030517578125 120.67600250244140625 120.67600250244140625 120.67600250244140625 120.67600250244140625 117.3939971923828125 117.3939971923828125 117.3939971923828125 117.3939971923828125 119.871002197265625 119.871002197265625 119.871002197265625 119.871002197265625 124.3339996337890625 124.3339996337890625 124.3339996337890625 124.3339996337890625 129.52099609375 129.52099609375
301.571990966796875 301.571990966796875 301.571990966796875 267.75799560546875 267.75799560546875 267.75799560546875 267.75799560546875 231.7969970703125 231.7969970703125 231.7969970703125 231.7969970703125 196.8699951171875 196.8699951171875 196.8699951171875 196.8699951171875 164.0399932861328125 164.0399932861328125 164.0399932861328125 164.0399932861328125 136.4250030517578125 136.4250030517578125 136.4250030517578125 136.4250030517578125 120.67600250244140625 120.67600250244140625 120.67600250244140625 120.67600250244140625 117.3939971923828125 117.3939971923828125 117.3939971923828125 117.3939971923828125 119.871002197265625 119.871002197265625 119.871002197265625 119.871002197265625 124.3339996337890625 124.3339996337890625 124.3339996337890625 124.3339996337890625 129.52099609375 129.52099609375
301.571990966796875 301.571990966796875 301.571990966796875 267.75799560546875 267.75799560546875 267.75799560546875 267.75799560546875 231.7969970703125 231.7969970703125 231.7969970703125 231.7969970703125 196.8699951171875 196.8699951171875 196.8699951171875 196.8699951171875 164.0399932861328125 164.0399932861328125 164.0399932861328125 164.0399932861328125 136.4250030517578125 136.4250030517578125 136.4250030517578125 136.4250030517578125 120.67600250244140625 120.67600250244140625 120.67600250244140625 120.67600250244140625 117.3939971923828125 117.3939971923828125 117.3939971923828125 117.3939971923828125 119.871002197265625 119.871002197265625 119.871002197265625 119.871002197265625 124.3339996337890625 124.3339996337890625 124.3339996337890625 124.3339996337890625 129.52099609375 129.52099609375
301.571990966796875 301.571990966796875 301.571990966796875 267.75799560546875 267.75799560546875 267.75799560546875 267.75799560546875 231.7969970703125 231.7969970703125 231.7969970703125 231.7969970703125 196.8699951171875 196.8699951171875 196.8699951171875 196.8699951171875 164.0399932861328125 164.0399932861328125 164.0399932861328125 164.0399932861328125 136.4250030517578125 136.4250030517578125 136.4250030517578125 136.4250030517578125 120.67600250244140625 120.67600250244140625 120.67600250244140625 120.67600250244140625 117.3939971923828125 117.3939971923828125 117.3939971923828125 117.3939971923828125 119.871002197265625 119.871002197265625 119.871002197265625 119.871002197265625 124.3339996337890625 124.3339996337890625 124.3339996337890625 124.3339996337890625 129.52099609375 129.52099609375
261.183013916015625 261.183013916015625 261.183013916015625 243.8390045166015625 243.8390045166015625 243.8390045166015625 243.8390045166015625 216.4759979248046875 216.4759979248046875 216.4759979248046875 216.4759979248046875 187.6230010986328125 187.6230010986328125 187.6230010986328125 187.6230010986328125 160.865997314453125 160.865997314453125 160.865997314453125 160.865997314453125 139.154998779296875 139.154998779296875 139.154998779296875 139.154998779296875 125.33300018310546875 125.33300018310546875 125.33300018310546875 125.33300018310546875 119.98600006103515625 119.98600006103515625 119.98600006103515625 119.98600006103515625 120.6719970703125 120.6719970703125 120.6719970703125 120.6719970703125 124.18399810791015625 124.18399810791015625 124.18399810791015625 124.18399810791015625 128.6920013427734375 128.6920013427734375
261.183013916015625 261.183013916015625 261.183013916015625 243.8390045166015625 243.8390045166015625 243.8390045166015625 243.8390045166015625 216.4759979248046875 216.4759979248046875 216.4759979248046875 216.4759979248046875 187.6230010986328125 187.6230010986328125 187.6230010986328125 187.6230010986328125 160.865997314453125 160.865997314453125 160.865997314453125 160.865997314453125 139.154998779296875 139.154998779296875 139.154998779296875 139.154998779296875 125.33300018310546875 125.33300018310546875 125.33300018310546875 125.33300018310546875 119.98600006103515625 119.98600006103515625 119.98600006103515625 119.98600006103515625 120.6719970703125 120.6719970703125 120.6719970703125 120.6719970703125 124.18399810791015625 124.18399810791015625 124.18399810791015625 124.18399810791015625 128.6920013427734375 128.6920013427734375
261.183013916015625 261.183013916015625 261.183013916015625 243.8390045166015625 243.8390045166015625 243.8390045166015625 243.8390045166015625 216.4759979248046875 216.4759979248046875 216.4759979248046875 216.4759979248046875 187.6230010986328125 187.6230010986328125 187.6230010986328125 187.6230010986328125 160.865997314453125 160.865997314453125 160.865997314453125 160.865997314453125 139.154998779296875 139.154998779296875 139.154998779296875 139.154998779296875 125.33300018310546875 125.33300018310546875 125.33300018310546875 125.33300018310546875 119.98600006103515625 119.98600006103515625 119.98600006103515625 119.98600006103515625 120.6719970703125 120.6719970703125 120.6719970703125 120.6719970703125 124.18399810791015625 124.18399810791015625 124.18399810791015625 124.18399810791015625 128.6920013427734375 128.6920013427734375
261.183013916015625 261.183013916015625 261.183013916015625 243.8390045166015625 243.8390045166015625 243.8390045166015625 243.8390045166015625 216.4759979248046875 216.4759979248046875 216.4759979248046875 216.4759979248046875 187.6230010986328125 187.6230010986328125 187.6230010986328125 187.6230010986328125 160.865997314453125 160.865997314453125 160.865997314453125 160.865997314453125 139.154998779296875 139.154998779296875 139.154998779296875 139.154998779296875 125.33300018310546875 125.33300018310546875 125.33300018310546875 125.33300018310546875 119.98600006103515625 119.98600006103515625 119.98600006103515625 119.98600006103515625 120.6719970703125 120.6719970703125 120.6719970703125 120.6719970703125 124.18399810791015625 124.18399810791015625 124.18399810791015625 124.18399810791015625 128.6920013427734375 128.6920013427734375
