testcase/zwarte_beek/input/conductivity.asc
ncols        188
nrows        84
xllcorner    216580.000000000000
yllcorner    198160.000000000000
cellsize     5.000000000000
NODATA_value  -3.4028234663852885981e+38
[rows 36 to 53 of 84, columns 123 to 163 of 188]
104.79900360107421875 101.0879974365234375 101.0879974365234375 101.0879974365234375 101.0879974365234375 100.91300201416015625 100.91300201416015625 100.91300201416015625 100.91300201416015625 99.2689971923828125 99.2689971923828125 99.2689971923828125 99.2689971923828125 95.90899658203125 95.90899658203125 95.90899658203125 95.90899658203125 93.26399993896484375 93.26399993896484375 93.26399993896484375 93.26399993896484375 94.9069976806640625 94.9069976806640625 94.9069976806640625 94.9069976806640625 96.62799835205078125 96.62799835205078125 96.62799835205078125 96.62799835205078125 102.62400054931640625 102.62400054931640625 102.62400054931640625 102.62400054931640625 111.98000335693359375 111.98000335693359375 111.98000335693359375 111.98000335693359375 120.39499664306640625 120.39499664306640625 120.39499664306640625 120.39499664306640625
104.79900360107421875 101.0879974365234375 101.0879974365234375 101.0879974365234375 101.0879974365234375 100.91300201416015625 100.91300201416015625 100.91300201416015625 100.91300201416015625 99.2689971923828125 99.2689971923828125 99.2689971923828125 99.2689971923828125 95.90899658203125 95.90899658203125 95.90899658203125 95.90899658203125 93.26399993896484375 93.26399993896484375 93.26399993896484375 93.26399993896484375 94.9069976806640625 94.9069976806640625 94.9069976806640625 94.9069976806640625 96.62799835205078125 96.62799835205078125 96.62799835205078125 96.62799835205078125 102.62400054931640625 102.62400054931640625 102.62400054931640625 102.62400054931640625 111.98000335693359375 111.98000335693359375 111.98000335693359375 111.98000335693359375 120.39499664306640625 120.39499664306640625 120.39499664306640625 120.39499664306640625
104.79900360107421875 101.0879974365234375 101.0879974365234375 101.0879974365234375 101.0879974365234375 100.91300201416015625 100.91300201416015625 100.91300201416015625 100.91300201416015625 99.2689971923828125 99.2689971923828125 99.2689971923828125 99.2689971923828125 95.90899658203125 95.90899658203125 95.90899658203125 95.90899658203125 93.26399993896484375 93.26399993896484375 93.26399993896484375 93.26399993896484375 94.9069976806640625 94.9069976806640625 94.9069976806640625 94.9069976806640625 96.62799835205078125 96.62799835205078125 96.62799835205078125 96.62799835205078125 102.62400054931640625 102.62400054931640625 102.62400054931640625 102.62400054931640625 111.98000335693359375 111.98000335693359375 111.98000335693359375 111.98000335693359375 120.39499664306640625 120.39499664306640625 120.39499664306640625 120.39499664306640625
104.79900360107421875 101.0879974365234375 101.0879974365234375 101.0879974365234375 101.0879974365234375 100.91300201416015625 100.91300201416015625 100.91300201416015625 100.91300201416015625 99.2689971923828125 99.2689971923828125 99.2689971923828125 99.2689971923828125 95.90899658203125 95.90899658203125 95.90899658203125 95.90899658203125 93.26399993896484375 93.26399993896484375 93.26399993896484375 93.26399993896484375 94.9069976806640625 94.9069976806640625 94.9069976806640625 94.9069976806640625 96.62799835205078125 96.62799835205078125 96.62799835205078125 96.62799835205078125 102.62400054931640625 102.62400054931640625 102.62400054931640625 102.62400054931640625 111.98000335693359375 111.98000335693359375 111.98000335693359375 111.98000335693359375 120.39499664306640625 120.39499664306640625 120.39499664306640625 120.39499664306640625
113.64099884033203125 111.65000152587890625 111.65000152587890625 111.65000152587890625 111.65000152587890625 115.8280029296875 115.8280029296875 115.8280029296875 115.8280029296875 113.072998046875 113.072998046875 113.072998046875 113.072998046875 105.24500274658203125 105.24500274658203125 105.24500274658203125 105.24500274658203125 95.57399749755859375 95.57399749755859375 95.57399749755859375 95.57399749755859375 89.72299957275390625 89.72299957275390625 89.72299957275390625 89.72299957275390625 91.68399810791015625 91.68399810791015625 91.68399810791015625 91.68399810791015625 100.90599822998046875 100.90599822998046875 100.90599822998046875 100.90599822998046875 111.14099884033203125 111.14099884033203125 111.14099884033203125 111.14099884033203125 116.92099761962890625 116.92099761962890625 116.92099761962890625 116.92099761962890625
113.64099884033203125 111.65000152587890625 111.65000152587890625 111.65000152587890625 111.65000152587890625 115.8280029296875 115.8280029296875 115.8280029296875 115.8280029296875 113.072998046875 113.072998046875 113.072998046875 113.072998046875 105.24500274658203125 105.24500274658203125 105.24500274658203125 105.24500274658203125 95.57399749755859375 95.57399749755859375 95.57399749755859375 95.57399749755859375 89.72299957275390625 89.72299957275390625 89.72299957275390625 89.72299957275390625 91.68399810791015625 91.68399810791015625 91.68399810791015625 91.68399810791015625 100.90599822998046875 100.90599822998046875 100.90599822998046875 100.90599822998046875 111.14099884033203125 111.14099884033203125 111.14099884033203125 111.14099884033203125 116.92099761962890625 116.92099761962890625 116.92099761962890625 116.92099761962890625
113.64099884033203125 111.65000152587890625 111.65000152587890625 111.65000152587890625 111.65000152587890625 115.8280029296875 115.8280029296875 115.8280029296875 115.8280029296875 113.072998046875 113.072998046875 113.072998046875 113.072998046875 105.24500274658203125 105.24500274658203125 105.24500274658203125 105.24500274658203125 95.57399749755859375 95.57399749755859375 95.57399749755859375 95.57399749755859375 89.72299957275390625 89.72299957275390625 89.72299957275390625 89.72299957275390625 91.68399810791015625 91.68399810791015625 91.68399810791015625 91.68399810791015625 100.90599822998046875 100.90599822998046875 100.90599822998046875 100.90599822998046875 111.14099884033203125 111.14099884033203125 111.14099884033203125 111.14099884033203125 116.92099761962890625 116.92099761962890625 116.92099761962890625 116.92099761962890625
113.64099884033203125 111.65000152587890625 111.65000152587890625 111.65000152587890625 111.65000152587890625 115.8280029296875 115.8280029296875 115.8280029296875 115.8280029296875 113.072998046875 113.072998046875 113.072998046875 113.072998046875 105.24500274658203125 105.24500274658203125 105.24500274658203125 105.24500274658203125 95.57399749755859375 95.57399749755859375 95.57399749755859375 95.57399749755859375 89.72299957275390625 89.72299957275390625 89.72299957275390625 89.72299957275390625 91.68399810791015625 91.68399810791015625 91.68399810791015625 91.68399810791015625 100.90599822998046875 100.90599822998046875 100.90599822998046875 100.90599822998046875 111.14099884033203125 111.14099884033203125 111.14099884033203125 111.14099884033203125 116.92099761962890625 116.92099761962890625 116.92099761962890625 116.92099761962890625
143.9369964599609375 144.2100067138671875 144.2100067138671875 144.2100067138671875 144.2100067138671875 144.0200042724609375 144.0200042724609375 144.0200042724609375 144.0200042724609375 137.212005615234375 137.212005615234375 137.212005615234375 137.212005615234375 123.51000213623046875 123.51000213623046875 123.51000213623046875 123.51000213623046875 103.6360015869140625 103.6360015869140625 103.6360015869140625 103.6360015869140625 84.76300048828125 84.76300048828125 84.76300048828125 84.76300048828125 89.197998046875 89.197998046875 89.197998046875 89.197998046875 108.095001220703125 108.095001220703125 108.095001220703125 108.095001220703125 122.87999725341796875 122.87999725341796875 122.87999725341796875 122.87999725341796875 131.1660003662109375 131.1660003662109375 131.1660003662109375 131.1660003662109375
143.9369964599609375 144.2100067138671875 144.2100067138671875 144.2100067138671875 144.2100067138671875 144.0200042724609375 144.0200042724609375 144.0200042724609375 144.0200042724609375 137.212005615234375 137.212005615234375 137.212005615234375 137.212005615234375 123.51000213623046875 123.51000213623046875 123.51000213623046875 123.51000213623046875 103.6360015869140625 103.6360015869140625 103.6360015869140625 103.6360015869140625 84.76300048828125 84.76300048828125 84.76300048828125 84.76300048828125 89.197998046875 89.197998046875 89.197998046875 89.197998046875 108.095001220703125 108.095001220703125 108.095001220703125 108.095001220703125 122.87999725341796875 122.87999725341796875 122.87999725341796875 122.87999725341796875 131.1660003662109375 131.1660003662109375 131.1660003662109375 131.1660003662109375
143.9369964599609375 144.2100067138671875 144.2100067138671875 144.2100067138671875 144.2100067138671875 144.0200042724609375 144.0200042724609375 144.0200042724609375 144.0200042724609375 137.212005615234375 137.212005615234375 137.212005615234375 137.212005615234375 123.51000213623046875 123.51000213623046875 123.51000213623046875 123.51000213623046875 103.6360015869140625 103.6360015869140625 103.6360015869140625 103.6360015869140625 84.76300048828125 84.76300048828125 84.76300048828125 84.76300048828125 89.197998046875 89.197998046875 89.197998046875 89.197998046875 108.095001220703125 108.095001220703125 108.095001220703125 108.095001220703125 122.87999725341796875 122.87999725341796875 122.87999725341796875 122.87999725341796875 131.1660003662109375 131.1660003662109375 131.1660003662109375 131.1660003662109375
143.9369964599609375 144.2100067138671875 144.2100067138671875 144.2100067138671875 144.2100067138671875 144.0200042724609375 144.0200042724609375 144.0200042724609375 144.0200042724609375 137.212005615234375 137.212005615234375 137.212005615234375 137.212005615234375 123.51000213623046875 123.51000213623046875 123.51000213623046875 123.51000213623046875 103.6360015869140625 103.6360015869140625 103.6360015869140625 103.6360015869140625 84.76300048828125 84.76300048828125 84.76300048828125 84.76300048828125 89.197998046875 89.197998046875 89.197998046875 89.197998046875 108.095001220703125 108.095001220703125 108.095001220703125 108.095001220703125 122.87999725341796875 122.87999725341796875 122.87999725341796875 122.87999725341796875 131.1660003662109375 131.1660003662109375 131.1660003662109375 131.1660003662109375
184.0050048828125 188.227996826171875 188.227996826171875 188.227996826171875 188.227996826171875 183.0149993896484375 183.0149993896484375 183.0149993896484375 183.0149993896484375 172.34100341796875 172.34100341796875 172.34100341796875 172.34100341796875 156.199005126953125 156.199005126953125 156.199005126953125 156.199005126953125 131.238006591796875 131.238006591796875 131.238006591796875 131.238006591796875 92.207000732421875 92.207000732421875 92.207000732421875 92.207000732421875 106.6699981689453125 106.6699981689453125 106.6699981689453125 106.6699981689453125 135.3249969482421875 135.3249969482421875 135.3249969482421875 135.3249969482421875 150.785003662109375 150.785003662109375 150.785003662109375 150.785003662109375 160.0160064697265625 160.0160064697265625 160.0160064697265625 160.0160064697265625
184.0050048828125 188.227996826171875 188.227996826171875 188.227996826171875 188.227996826171875 183.0149993896484375 183.0149993896484375 183.0149993896484375 183.0149993896484375 172.34100341796875 172.34100341796875 172.34100341796875 172.34100341796875 156.199005126953125 156.199005126953125 156.199005126953125 156.199005126953125 131.238006591796875 131.238006591796875 131.238006591796875 131.238006591796875 92.207000732421875 92.207000732421875 92.207000732421875 92.207000732421875 106.6699981689453125 106.6699981689453125 106.6699981689453125 106.6699981689453125 135.3249969482421875 135.3249969482421875 135.3249969482421875 135.3249969482421875 150.785003662109375 150.785003662109375 150.785003662109375 150.785003662109375 160.0160064697265625 160.0160064697265625 160.0160064697265625 160.0160064697265625
184.0050048828125 188.227996826171875 188.227996826171875 188.227996826171875 188.227996826171875 183.0149993896484375 183.0149993896484375 183.0149993896484375 183.0149993896484375 172.34100341796875 172.34100341796875 172.34100341796875 172.34100341796875 156.199005126953125 156.199005126953125 156.199005126953125 156.199005126953125 131.238006591796875 131.238006591796875 131.238006591796875 131.238006591796875 92.207000732421875 92.207000732421875 92.207000732421875 92.207000732421875 106.6699981689453125 106.6699981689453125 106.6699981689453125 106.6699981689453125 135.3249969482421875 135.3249969482421875 135.3249969482421875 135.3249969482421875 150.785003662109375 150.785003662109375 150.785003662109375 150.785003662109375 160.0160064697265625 160.0160064697265625 160.0160064697265625 160.0160064697265625
184.0050048828125 188.227996826171875 188.227996826171875 188.227996826171875 188.227996826171875 183.0149993896484375 183.0149993896484375 183.0149993896484375 183.0149993896484375 172.34100341796875 172.34100341796875 172.34100341796875 172.34100341796875 156.199005126953125 156.199005126953125 156.199005126953125 156.199005126953125 131.238006591796875 131.238006591796875 131.238006591796875 131.238006591796875 92.207000732421875 92.207000732421875 92.207000732421875 92.207000732421875 106.6699981689453125 106.6699981689453125 106.6699981689453125 106.6699981689453125 135.3249969482421875 135.3249969482421875 135.3249969482421875 135.3249969482421875 150.785003662109375 150.785003662109375 150.785003662109375 150.785003662109375 160.0160064697265625 160.0160064697265625 160.0160064697265625 160.0160064697265625
-3.4028234663852885981e+38 -3.4028234663852885981e+38 -3.4028234663852885981e+38 -3.4028234663852885981e+38 -3.4028234663852885981e+38 -3.4028234663852885981e+38 -3.4028234663852885981e+38 -3.4028234663852885981e+38 -3.4028234663852885981e+38 -3.4028234663852885981e+38 -3.4028234663852885981e+38 -3.4028234663852885981e+38 -3.4028234663852885981e+38 -3.4028234663852885981e+38 -3.4028234663852885981e+38 -3.4028234663852885981e+38 -3.4028234663852885981e+38 -3.4028234663852885981e+38 -3.4028234663852885981e+38 -3.4028234663852885981e+38 -3.4028234663852885981e+38 -3.4028234663852885981e+38 -3.4028234663852885981e+38 -3.4028234663852885981e+38 -3.4028234663852885981e+38 -3.4028234663852885981e+38 -3.4028234663852885981e+38 -3.4028234663852885981e+38 -3.4028234663852885981e+38 -3.4028234663852885981e+38 -3.4028234663852885981e+38 -3.4028234663852885981e+38 -3.4028234663852885981e+38 192.4640045166015625 192.4640045166015625 192.4640045166015625 192.4640045166015625 194.8419952392578125 194.8419952392578125 194.8419952392578125 194.8419952392578125
-3.4028234663852885981e+38 -3.4028234663852885981e+38 -3.4028234663852885981e+38 -3.4028234663852885981e+38 -3.4028234663852885981e+38 -3.4028234663852885981e+38 -3.4028234663852885981e+38 -3.4028234663852885981e+38 -3.4028234663852885981e+38 -3.4028234663852885981e+38 -3.4028234663852885981e+38 -3.4028234663852885981e+38 -3.4028234663852885981e+38 -3.4028234663852885981e+38 -3.4028234663852885981e+38 -3.4028234663852885981e+38 -3.4028234663852885981e+38 -3.4028234663852885981e+38 -3.4028234663852885981e+38 -3.4028234663852885981e+38 -3.4028234663852885981e+38 -3.4028234663852885981e+38 -3.4028234663852885981e+38 -3.4028234663852885981e+38 -3.4028234663852885981e+38 -3.4028234663852885981e+38 -3.4028234663852885981e+38 -3.4028234663852885981e+38 -3.4028234663852885981e+38 -3.4028234663852885981e+38 -3.4028234663852885981e+38 -3.4028234663852885981e+38 -3.4028234663852885981e+38 192.4640045166015625 192.4640045166015625 192.4640045166015625 192.4640045166015625 194.8419952392578125 194.8419952392578125 194.8419952392578125 194.8419952392578125
