testcase/zwarte_beek/input/mhw.asc
ncols        188
nrows        84
xllcorner    216580.000000000000
yllcorner    198160.000000000000
cellsize     5.000000000000
NODATA_value -3.4028234663852885981e+38
[rows 0 to 38 of 84, columns 88 to 175 of 188]
-3.4028234663852885981e+38 -3.4028234663852885981e+38 -3.4028234663852885981e+38 -3.4028234663852885981e+38 -3.4028234663852885981e+38 -3.4028234663852885981e+38 -3.4028234663852885981e+38 -3.4028234663852885981e+38 -3.4028234663852885981e+38 -3.4028234663852885981e+38 -3.4028234663852885981e+38 -3.4028234663852885981e+38 -3.4028234663852885981e+38 -3.4028234663852885981e+38 -3.4028234663852885981e+38 -3.4028234663852885981e+38 -3.4028234663852885981e+38 -3.4028234663852885981e+38 -3.4028234663852885981e+38 -3.4028234663852885981e+38 -3.4028234663852885981e+38 -3.4028234663852885981e+38 -3.4028234663852885981e+38 -3.4028234663852885981e+38 -3.4028234663852885981e+38 -3.4028234663852885981e+38 -3.4028234663852885981e+38 -3.4028234663852885981e+38 -3.4028234663852885981e+38 -3.4028234663852885981e+38 -3.4028234663852885981e+38 -3.4028234663852885981e+38 -3.4028234663852885981e+38 -3.4028234663852885981e+38 -3.4028234663852885981e+38 -3.4028234663852885981e+38 -3.4028234663852885981e+38 -3.4028234663852885981e+38 -3.4028234663852885981e+38 -3.4028234663852885981e+38 3 3 3 3 -0 -0 -0 -0 -2 -2 -2 -2 -3 -3 -3 -3 -4 -4 -4 -4 -5 -5 -5 -5 -5 -5 -5 -5 -5 -5 -5 -5 -5 -5 -5 -5 -4 -4 -4 -4 -3.4028234663852885981e+38 -3.4028234663852885981e+38 -3.4028234663852885981e+38 -3.4028234663852885981e+38 -3.4028234663852885981e+38 -3.4028234663852885981e+38 -3.4028234663852885981e+38 -3.4028234663852885981e+38
-3.4028234663852885981e+38 -3.4028234663852885981e+38 -3.4028234663852885981e+38 -3.4028234663852885981e+38 -3.4028234663852885981e+38 -3.4028234663852885981e+38 -3.4028234663852885981e+38 -3.4028234663852885981e+38 -3.4028234663852885981e+38 -3.4028234663852885981e+38 -3.4028234663852885981e+38 -3.4028234663852885981e+38 -3.4028234663852885981e+38 -3.4028234663852885981e+38 -3.4028234663852885981e+38 -3.4028234663852885981e+38 -3.4028234663852885981e+38 -3.4028234663852885981e+38 -3.4028234663852885981e+38 -3.4028234663852885981e+38 -3.4028234663852885981e+38 -3.4028234663852885981e+38 -3.4028234663852885981e+38 -3.4028234663852885981e+38 -3.4028234663852885981e+38 -3.4028234663852885981e+38 -3.4028234663852885981e+38 -3.4028234663852885981e+38 -3.4028234663852885981e+38 -3.4028234663852885981e+38 -3.4028234663852885981e+38 -3.4028234663852885981e+38 -3.4028234663852885981e+38 -3.4028234663852885981e+38 -3.4028234663852885981e+38 -3.4028234663852885981e+38 -3.4028234663852885981e+38 -3.4028234663852885981e+38 -3.4028234663852885981e+38 -3.4028234663852885981e+38 3 3 3 3 -0 -0 -0 -0 -2 -2 -2 -2 -3 -3 -3 -3 -4 -4 -4 -4 -5 -5 -5 -5 -5 -5 -5 -5 -5 -5 -5 -5 -5 -5 -5 -5 -4 -4 -4 -4 -3.4028234663852885981e+38 -3.4028234663852885981e+38 -3.4028234663852885981e+38 -3.4028234663852885981e+38 -3.4028234663852885981e+38 -3.4028234663852885981e+38 -3.4028234663852885981e+38 -3.4028234663852885981e+38
-3.4028234663852885981e+38 -3.4028234663852885981e+38 -3.4028234663852885981e+38 -3.4028234663852885981e+38 -3.4028234663852885981e+38 -3.4028234663852885981e+38 -3.4028234663852885981e+38 -3.4028234663852885981e+38 -3.4028234663852885981e+38 -3.4028234663852885981e+38 -3.4028234663852885981e+38 -3.4028234663852885981e+38 -3.4028234663852885981e+38 -3.4028234663852885981e+38 -3.4028234663852885981e+38 -3.4028234663852885981e+38 -3.4028234663852885981e+38 -3.4028234663852885981e+38 -3.4028234663852885981e+38 -3.4028234663852885981e+38 -3.4028234663852885981e+38 -3.4028234663852885981e+38 -3.4028234663852885981e+38 -3.4028234663852885981e+38 -3.4028234663852885981e+38 -3.4028234663852885981e+38 -3.4028234663852885981e+38 -3.4028234663852885981e+38 -3.4028234663852885981e+38 -3.4028234663852885981e+38 -3.4028234663852885981e+38 -3.4028234663852885981e+38 -3.4028234663852885981e+38 -3.4028234663852885981e+38 -3.4028234663852885981e+38 -3.4028234663852885981e+38 -3.4028234663852885981e+38 -3.4028234663852885981e+38 -3.4028234663852885981e+38 -3.4028234663852885981e+38 3 3 3 3 -0 -0 -0 -0 -2 -2 -2 -2 -3 -3 -3 -3 -4 -4 -4 -4 -5 -5 -5 -5 -5 -5 -5 -5 -5 -5 -5 -5 -5 -5 -5 -5 -4 -4 -4 -4 -3.4028234663852885981e+38 -3.4028234663852885981e+38 -3.4028234663852885981e+38 -3.4028234663852885981e+38 -3.4028234663852885981e+38 -3.4028234663852885981e+38 -3.4028234663852885981e+38 -3.4028234663852885981e+38
-3.4028234663852885981e+38 -3.4028234663852885981e+38 -3.4028234663852885981e+38 -3.4028234663852885981e+38 -3.4028234663852885981e+38 -3.4028234663852885981e+38 -3.4028234663852885981e+38 -3.4028234663852885981e+38 -3.4028234663852885981e+38 -3.4028234663852885981e+38 -3.4028234663852885981e+38 -3.4028234663852885981e+38 -3.4028234663852885981e+38 -3.4028234663852885981e+38 -3.4028234663852885981e+38 -3.4028234663852885981e+38 -3.4028234663852885981e+38 -3.4028234663852885981e+38 -3.4028234663852885981e+38 -3.4028234663852885981e+38 -3.4028234663852885981e+38 -3.4028234663852885981e+38 -3.4028234663852885981e+38 -3.4028234663852885981e+38 -3.4028234663852885981e+38 -3.4028234663852885981e+38 -3.4028234663852885981e+38 -3.4028234663852885981e+38 -3.4028234663852885981e+38 -3.4028234663852885981e+38 -3.4028234663852885981e+38 -3.4028234663852885981e+38 -3.4028234663852885981e+38 -3.4028234663852885981e+38 -3.4028234663852885981e+38 -3.4028234663852885981e+38 -3.4028234663852885981e+38 -3.4028234663852885981e+38 -3.4028234663852885981e+38 -3.4028234663852885981e+38 3 3 3 3 -0 -0 -0 -0 -2 -2 -2 -2 -3 -3 -3 -3 -4 -4 -4 -4 -5 -5 -5 -5 -5 -5 -5 -5 -5 -5 -5 -5 -5 -5 -5 -5 -4 -4 -4 -4 -3.4028234663852885981e+38 -3.4028234663852885981e+38 -3.4028234663852885981e+38 -3.4028234663852885981e+38 -3.4028234663852885981e+38 -3.4028234663852885981e+38 -3.4028234663852885981e+38 -3.4028234663852885981e+38
-12 -12 -12 -12 -8 -8 -8 -8 -4 -4 -4 -4 -0 -0 -0 -0 5 5 5 5 11 11 11 11 16 16 16 16 15 15 15 15 12 12 12 12 9 9 9 9 5 5 5 5 1 1 1 1 -1 -1 -1 -1 -2 -2 -2 -2 -3 -3 -3 -3 -4 -4 -4 -4 -5 -5 -5 -5 -5 -5 -5 -5 -4 -4 -4 -4 -3 -3 -3 -3 -2 -2 -2 -2 -2 -2 -2 -2
-12 -12 -12 -12 -8 -8 -8 -8 -4 -4 -4 -4 -0 -0 -0 -0 5 5 5 5 11 11 11 11 16 16 16 16 15 15 15 15 12 12 12 12 9 9 9 9 5 5 5 5 1 1 1 1 -1 -1 -1 -1 -2 -2 -2 -2 -3 -3 -3 -3 -4 -4 -4 -4 -5 -5 -5 -5 -5 -5 -5 -5 -4 -4 -4 -4 -3 -3 -3 -3 -2 -2 -2 -2 -2 -2 -2 -2
-12 -12 -12 -12 -8 -8 -8 -8 -4 -4 -4 -4 -0 -0 -0 -0 5 5 5 5 11 11 11 11 16 16 16 16 15 15 15 15 12 12 12 12 9 9 9 9 5 5 5 5 1 1 1 1 -1 -1 -1 -1 -2 -2 -2 -2 -3 -3 -3 -3 -4 -4 -4 -4 -5 -5 -5 -5 -5 -5 -5 -5 -4 -4 -4 -4 -3 -3 -3 -3 -2 -2 -2 -2 -2 -2 -2 -2
-12 -12 -12 -12 -8 -8 -8 -8 -4 -4 -4 -4 -0 -0 -0 -0 5 5 5 5 11 11 11 11 16 16 16 16 15 15 15 15 12 12 12 12 9 9 9 9 5 5 5 5 1 1 1 1 -1 -1 -1 -1 -2 -2 -2 -2 -3 -3 -3 -3 -4 -4 -4 -4 -5 -5 -5 -5 -5 -5 -5 -5 -4 -4 -4 -4 -3 -3 -3 -3 -2 -2 -2 -2 -2 -2 -2 -2
-12 -12 -12 -12 -8 -8 -8 -8 -3 -3 -3 -3 1 1 1 1 6 6 6 6 12 12 12 12 17 17 17 17 17 17 17 17 14 14 14 14 11 11 11 11 8 8 8 8 4 4 4 4 1 1 1 1 -0 -0 -0 -0 -1 -1 -1 -1 -2 -2 -2 -2 -3 -3 -3 -3 -4 -4 -4 -4 -3 -3 -3 -3 -1 -1 -1 -1 -0 -0 -0 -0 -1 -1 -1 -1
-12 -12 -12 -12 -8 -8 -8 -8 -3 -3 -3 -3 1 1 1 1 6 6 6 6 12 12 12 12 17 17 17 17 17 17 17 17 14 14 14 14 11 11 11 11 8 8 8 8 4 4 4 4 1 1 1 1 -0 -0 -0 -0 -1 -1 -1 -1 -2 -2 -2 -2 -3 -3 -3 -3 -4 -4 -4 -4 -3 -3 -3 -3 -1 -1 -1 -1 -0 -0 -0 -0 -1 -1 -1 -1
-12 -12 -12 -12 -8 -8 -8 -8 -3 -3 -3 -3 1 1 1 1 6 6 6 6 12 12 12 12 17 17 17 17 17 17 17 17 14 14 14 14 11 11 11 11 8 8 8 8 4 4 4 4 1 1 1 1 -0 -0 -0 -0 -1 -1 -1 -1 -2 -2 -2 -2 -3 -3 -3 -3 -4 -4 -4 -4 -3 -3 -3 -3 -1 -1 -1 -1 -0 -0 -0 -0 -1 -1 -1 -1
-12 -12 -12 -12 -8 -8 -8 -8 -3 -3 -3 -3 1 1 1 1 6 6 6 6 12 12 12 12 17 17 17 17 17 17 17 17 14 14 14 14 11 11 11 11 8 8 8 8 4 4 4 4 1 1 1 1 -0 -0 -0 -0 -1 -1 -1 -1 -2 -2 -2 -2 -3 -3 -3 -3 -4 -4 -4 -4 -3 -3 -3 -3 -1 -1 -1 -1 -0 -0 -0 -0 -1 -1 -1 -1
-11 -11 -11 -11 -8 -8 -8 -8 -4 -4 -4 -4 -0 -0 -0 -0 5 5 5 5 11 11 11 11 15 15 15 15 16 16 16 16 15 15 15 15 13 13 13 13 10 10 10 10 6 6 6 6 3 3 3 3 1 1 1 1 -0 -0 -0 -0 -1 -1 -1 -1 -1 -1 -1 -1 -2 -2 -2 -2 -1 -1 -1 -1 -1 -1 -1 -1 -0 -0 -0 -0 -0 -0 -0 -0
-11 -11 -11 -11 -8 -8 -8 -8 -4 -4 -4 -4 -0 -0 -0 -0 5 5 5 5 11 11 11 11 15 15 15 15 16 16 16 16 15 15 15 15 13 13 13 13 10 10 10 10 6 6 6 6 3 3 3 3 1 1 1 1 -0 -0 -0 -0 -1 -1 -1 -1 -1 -1 -1 -1 -2 -2 -2 -2 -1 -1 -1 -1 -1 -1 -1 -1 -0 -0 -0 -0 -0 -0 -0 -0
-11 -11 -11 -11 -8 -8 -8 -8 -4 -4 -4 -4 -0 -0 -0 -0 5 5 5 5 11 11 11 11 15 15 15 15 16 16 16 16 15 15 15 15 13 13 13 13 10 10 10 10 6 6 6 6 3 3 3 3 1 1 1 1 -0 -0 -0 -0 -1 -1 -1 -1 -1 -1 -1 -1 -2 -2 -2 -2 -1 -1 -1 -1 -1 -1 -1 -1 -0 -0 -0 -0 -0 -0 -0 -0
-11 -11 -11 -11 -8 -8 -8 -8 -4 -4 -4 -4 -0 -0 -0 -0 5 5 5 5 11 11 11 11 15 15 15 15 16 16 16 16 15 15 15 15 13 13 13 13 10 10 10 10 6 6 6 6 3 3 3 3 1 1 1 1 -0 -0 -0 -0 -1 -1 -1 -1 -1 -1 -1 -1 -2 -2 -2 -2 -1 -1 -1 -1 -1 -1 -1 -1 -0 -0 -0 -0 -0 -0 -0 -0
-11 -11 -11 -11 -9 -9 -9 -9 -5 -5 -5 -5 -0 -0 -0 -0 4 4 4 4 10 10 10 10 14 14 14 14 16 16 16 16 16 16 16 16 14 14 14 14 11 11 11 11 8 8 8 8 5 5 5 5 3 3 3 3 1 1 1 1 -0 -0 -0 -0 -0 -0 -0 -0 -0 -0 -0 -0 -0 -0 -0 -0 -0 -0 -0 -0 -0 -0 -0 -0 -1 -1 -1 -1
-11 -11 -11 -11 -9 -9 -9 -9 -5 -5 -5 -5 -0 -0 -0 -0 4 4 4 4 10 10 10 10 14 14 14 14 16 16 16 16 16 16 16 16 14 14 14 14 11 11 11 11 8 8 8 8 5 5 5 5 3 3 3 3 1 1 1 1 -0 -0 -0 -0 -0 -0 -0 -0 -0 -0 -0 -0 -0 -0 -0 -0 -0 -0 -0 -0 -0 -0 -0 -0 -1 -1 -1 -1
-11 -11 -11 -11 -9 -9 -9 -9 -5 -5 -5 -5 -0 -0 -0 -0 4 4 4 4 10 10 10 10 14 14 14 14 16 16 16 16 16 16 16 16 14 14 14 14 11 11 11 11 8 8 8 8 5 5 5 5 3 3 3 3 1 1 1 1 -0 -0 -0 -0 -0 -0 -0 -0 -0 -0 -0 -0 -0 -0 -0 -0 -0 -0 -0 -0 -0 -0 -0 -0 -1 -1 -1 -1
-11 -11 -11 -11 -9 -9 -9 -9 -5 -5 -5 -5 -0 -0 -0 -0 4 4 4 4 10 10 10 10 14 14 14 14 16 16 16 16 16 16 16 16 14 14 14 14 11 11 11 11 8 8 8 8 5 5 5 5 3 3 3 3 1 1 1 1 -0 -0 -0 -0 -0 -0 -0 -0 -0 -0 -0 -0 -0 -0 -0 -0 -0 -0 -0 -0 -0 -0 -0 -0 -1 -1 -1 -1
-12 -12 -12 -12 -11 -11 -11 -11 -8 -8 -8 -8 -2 -2 -2 -2 3 3 3 3 9 9 9 9 13 13 13 13 -3.4028234663852885981e+38 -3.4028234663852885981e+38 -3.4028234663852885981e+38 -3.4028234663852885981e+38 -3.4028234663852885981e+38 -3.4028234663852885981e+38 -3.4028234663852885981e+38 -3.4028234663852885981e+38 15 15 15 15 12 12 12 12 9 9 9 9 7 7 7 7 5 5 5 5 3 3 3 3 1 1 1 1 -0 -0 -0 -0 -0 -0 -0 -0 -0 -0 -0 -0 -0 -0 -0 -0 -0 -0 -0 -0 -1 -1 -1 -1
-12 -12 -12 -12 -11 -11 -11 -11 -8 -8 -8 -8 -2 -2 -2 -2 3 3 3 3 9 9 9 9 13 13 13 13 -3.4028234663852885981e+38 -3.4028234663852885981e+38 -3.4028234663852885981e+38 -3.4028234663852885981e+38 -3.4028234663852885981e+38 -3.4028234663852885981e+38 -3.4028234663852885981e+38 -3.4028234663852885981e+38 15 15 15 15 12 12 12 12 9 9 9 9 7 7 7 7 5 5 5 5 3 3 3 3 1 1 1 1 -0 -0 -0 -0 -0 -0 -0 -0 -0 -0 -0 -0 -0 -0 -0 -0 -0 -0 -0 -0 -1 -1 -1 -1
-12 -12 -12 -12 -11 -11 -11 -11 -8 -8 -8 -8 -2 -2 -2 -2 3 3 3 3 9 9 9 9 13 13 13 13 -3.4028234663852885981e+38 -3.4028234663852885981e+38 -3.4028234663852885981e+38 -3.4028234663852885981e+38 -3.4028234663852885981e+38 -3.4028234663852885981e+38 -3.4028234663852885981e+38 -3.4028234663852885981e+38 15 15 15 15 12 12 12 12 9 9 9 9 7 7 7 7 5 5 5 5 3 3 3 3 1 1 1 1 -0 -0 -0 -0 -0 -0 -0 -0 -0 -0 -0 -0 -0 -0 -0 -0 -0 -0 -0 -0 -1 -1 -1 -1
-12 -12 -12 -12 -11 -11 -11 -11 -8 -8 -8 -8 -2 -2 -2 -2 3 3 3 3 9 9 9 9 13 13 13 13 -3.4028234663852885981e+38 -3.4028234663852885981e+38 -3.4028234663852885981e+38 -3.4028234663852885981e+38 -3.4028234663852885981e+38 -3.4028234663852885981e+38 -3.4028234663852885981e+38 -3.4028234663852885981e+38 15 15 15 15 12 12 12 12 9 9 9 9 7 7 7 7 5 5 5 5 3 3 3 3 1 1 1 1 -0 -0 -0 -0 -0 -0 -0 -0 -0 -0 -0 -0 -0 -0 -0 -0 -0 -0 -0 -0 -1 -1 -1 -1
-12 -12 -12 -12 -13 -13 -13 -13 -10 -10 -10 -10 -3 -3 -3 -3 2 2 2 2 8 8 8 8 -3.4028234663852885981e+38 -3.4028234663852885981e+38 -3.4028234663852885981e+38 -3.4028234663852885981e+38 -3.4028234663852885981e+38 -3.4028234663852885981e+38 -3.4028234663852885981e+38 -3.4028234663852885981e+38 -3.4028234663852885981e+38 -3.4028234663852885981e+38 -3.4028234663852885981e+38 -3.4028234663852885981e+38 15 15 15 15 12 12 12 12 10 10 10 10 7 7 7 7 5 5 5 5 4 4 4 4 2 2 2 2 1 1 1 1 1 1 1 1 -0 -0 -0 -0 -0 -0 -0 -0 1 1 1 1 1 1 1 1
-12 -12 -12 -12 -13 -13 -13 -13 -10 -10 -10 -10 -3 -3 -3 -3 2 2 2 2 8 8 8 8 -3.4028234663852885981e+38 -3.4028234663852885981e+38 -3.4028234663852885981e+38 -3.4028234663852885981e+38 -3.4028234663852885981e+38 -3.4028234663852885981e+38 -3.4028234663852885981e+38 -3.4028234663852885981e+38 -3.4028234663852885981e+38 -3.4028234663852885981e+38 -3.4028234663852885981e+38 -3.4028234663852885981e+38 15 15 15 15 12 12 12 12 10 10 10 10 7 7 7 7 5 5 5 5 4 4 4 4 2 2 2 2 1 1 1 1 1 1 1 1 -0 -0 -0 -0 -0 -0 -0 -0 1 1 1 1 1 1 1 1
-12 -12 -12 -12 -13 -13 -13 -13 -10 -10 -10 -10 -3 -3 -3 -3 2 2 2 2 8 8 8 8 -3.4028234663852885981e+38 -3.4028234663852885981e+38 -3.4028234663852885981e+38 -3.4028234663852885981e+38 -3.4028234663852885981e+38 -3.4028234663852885981e+38 -3.4028234663852885981e+38 -3.4028234663852885981e+38 -3.4028234663852885981e+38 -3.4028234663852885981e+38 -3.4028234663852885981e+38 -3.4028234663852885981e+38 15 15 15 15 12 12 12 12 10 10 10 10 7 7 7 7 5 5 5 5 4 4 4 4 2 2 2 2 1 1 1 1 1 1 1 1 -0 -0 -0 -0 -0 -0 -0 -0 1 1 1 1 1 1 1 1
-12 -12 -12 -12 -13 -13 -13 -13 -10 -10 -10 -10 -3 -3 -3 -3 2 2 2 2 8 8 8 8 -3.4028234663852885981e+38 -3.4028234663852885981e+38 -3.4028234663852885981e+38 -3.4028234663852885981e+38 -3.4028234663852885981e+38 -3.4028234663852885981e+38 -3.4028234663852885981e+38 -3.4028234663852885981e+38 -3.4028234663852885981e+38 -3.4028234663852885981e+38 -3.4028234663852885981e+38 -3.4028234663852885981e+38 15 15 15 15 12 12 12 12 10 10 10 10 7 7 7 7 5 5 5 5 4 4 4 4 2 2 2 2 1 1 1 1 1 1 1 1 -0 -0 -0 -0 -0 -0 -0 -0 1 1 1 1 1 1 1 1
-10 -10 -10 -10 -12 -12 -12 -12 -9 -9 -9 -9 -2 -2 -2 -2 3 3 3 3 8 8 8 8 -3.4028234663852885981e+38 -3.4028234663852885981e+38 -3.4028234663852885981e+38 -3.4028234663852885981e+38 -3.4028234663852885981e+38 -3.4028234663852885981e+38 -3.4028234663852885981e+38 -3.4028234663852885981e+38 -3.4028234663852885981e+38 -3.4028234663852885981e+38 -3.4028234663852885981e+38 -3.4028234663852885981e+38 14 14 14 14 11 11 11 11 9 9 9 9 7 7 7 7 5 5 5 5 4 4 4 4 3 3 3 3 2 2 2 2 1 1 1 1 1 1 1 1 2 2 2 2 2 2 2 2 3 3 3 3
-10 -10 -10 -10 -12 -12 -12 -12 -9 -9 -9 -9 -2 -2 -2 -2 3 3 3 3 8 8 8 8 -3.4028234663852885981e+38 -3.4028234663852885981e+38 -3.4028234663852885981e+38 -3.4028234663852885981e+38 -3.4028234663852885981e+38 -3.4028234663852885981e+38 -3.4028234663852885981e+38 -3.4028234663852885981e+38 -3.4028234663852885981e+38 -3.4028234663852885981e+38 -3.4028234663852885981e+38 -3.4028234663852885981e+38 14 14 14 14 11 11 11 11 9 9 9 9 7 7 7 7 5 5 5 5 4 4 4 4 3 3 3 3 2 2 2 2 1 1 1 1 1 1 1 1 2 2 2 2 2 2 2 2 3 3 3 3
-10 -10 -10 -10 -12 -12 -12 -12 -9 -9 -9 -9 -2 -2 -2 -2 3 3 3 3 8 8 8 8 -3.4028234663852885981e+38 -3.4028234663852885981e+38 -3.4028234663852885981e+38 -3.4028234663852885981e+38 -3.4028234663852885981e+38 -3.4028234663852885981e+38 -3.4028234663852885981e+38 -3.4028234663852885981e+38 -3.4028234663852885981e+38 -3.4028234663852885981e+38 -3.4028234663852885981e+38 -3.4028234663852885981e+38 14 14 14 14 11 11 11 11 9 9 9 9 7 7 7 7 5 5 5 5 4 4 4 4 3 3 3 3 2 2 2 2 1 1 1 1 1 1 1 1 2 2 2 2 2 2 2 2 3 3 3 3
-10 -10 -10 -10 -12 -12 -12 -12 -9 -9 -9 -9 -2 -2 -2 -2 3 3 3 3 8 8 8 8 -3.4028234663852885981e+38 -3.4028234663852885981e+38 -3.4028234663852885981e+38 -3.4028234663852885981e+38 -3.4028234663852885981e+38 -3.4028234663852885981e+38 -3.4028234663852885981e+38 -3.4028234663852885981e+38 -3.4028234663852885981e+38 -3.4028234663852885981e+38 -3.4028234663852885981e+38 -3.4028234663852885981e+38 14 14 14 14 11 11 11 11 9 9 9 9 7 7 7 7 5 5 5 5 4 4 4 4 3 3 3 3 2 2 2 2 1 1 1 1 1 1 1 1 2 2 2 2 2 2 2 2 3 3 3 3
-6 -6 -6 -6 -6 -6 -6 -6 -4 -4 -4 -4 -0 -0 -0 -0 4 4 4 4 7 7 7 7 -3.4028234663852885981e+38 -3.4028234663852885981e+38 -3.4028234663852885981e+38 -3.4028234663852885981e+38 -3.4028234663852885981e+38 -3.4028234663852885981e+38 -3.4028234663852885981e+38 -3.4028234663852885981e+38 -3.4028234663852885981e+38 -3.4028234663852885981e+38 -3.4028234663852885981e+38 -3.4028234663852885981e+38 10 10 10 10 8 8 8 8 7 7 7 7 5 5 5 5 5 5 5 5 4 4 4 4 3 3 3 3 3 3 3 3 2 2 2 2 1 1 1 1 3 3 3 3 4 4 4 4 3 3 3 3
-6 -6 -6 -6 -6 -6 -6 -6 -4 -4 -4 -4 -0 -0 -0 -0 4 4 4 4 7 7 7 7 -3.4028234663852885981e+38 -3.4028234663852885981e+38 -3.4028234663852885981e+38 -3.4028234663852885981e+38 -3.4028234663852885981e+38 -3.4028234663852885981e+38 -3.4028234663852885981e+38 -3.4028234663852885981e+38 -3.4028234663852885981e+38 -3.4028234663852885981e+38 -3.4028234663852885981e+38 -3.4028234663852885981e+38 10 10 10 10 8 8 8 8 7 7 7 7 5 5 5 5 5 5 5 5 4 4 4 4 3 3 3 3 3 3 3 3 2 2 2 2 1 1 1 1 3 3 3 3 4 4 4 4 3 3 3 3
-6 -6 -6 -6 -6 -6 -6 -6 -4 -4 -4 -4 -0 -0 -0 -0 4 4 4 4 7 7 7 7 -3.4028234663852885981e+38 -3.4028234663852885981e+38 -3.4028234663852885981e+38 -3.4028234663852885981e+38 -3.4028234663852885981e+38 -3.4028234663852885981e+38 -3.4028234663852885981e+38 -3.4028234663852885981e+38 -3.4028234663852885981e+38 -3.4028234663852885981e+38 -3.4028234663852885981e+38 -3.4028234663852885981e+38 10 10 10 10 8 8 8 8 7 7 7 7 5 5 5 5 5 5 5 5 4 4 4 4 3 3 3 3 3 3 3 3 2 2 2 2 1 1 1 1 3 3 3 3 4 4 4 4 3 3 3 3
-6 -6 -6 -6 -6 -6 -6 -6 -4 -4 -4 -4 -0 -0 -0 -0 4 4 4 4 7 7 7 7 -3.4028234663852885981e+38 -3.4028234663852885981e+38 -3.4028234663852885981e+38 -3.4028234663852885981e+38 -3.4028234663852885981e+38 -3.4028234663852885981e+38 -3.4028234663852885981e+38 -3.4028234663852885981e+38 -3.4028234663852885981e+38 -3.4028234663852885981e+38 -3.4028234663852885981e+38 -3.4028234663852885981e+38 10 10 10 10 8 8 8 8 7 7 7 7 5 5 5 5 5 5 5 5 4 4 4 4 3 3 3 3 3 3 3 3 2 2 2 2 1 1 1 1 3 3 3 3 4 4 4 4 3 3 3 3
-1 -1 -1 -1 -0 -0 -0 -0 1 1 1 1 4 4 4 4 6 6 6 6 7 7 7 7 7 7 7 7 7 7 7 7 7 7 7 7 5 5 5 5 4 4 4 4 3 3 3 3 3 3 3 3 3 3 3 3 4 4 4 4 4 4 4 4 4 4 4 4 3 3 3 3 4 4 4 4 6 6 6 6 6 6 6 6 4 4 4 4
-1 -1 -1 -1 -0 -0 -0 -0 1 1 1 1 4 4 4 4 6 6 6 6 7 7 7 7 7 7 7 7 7 7 7 7 7 7 7 7 5 5 5 5 4 4 4 4 3 3 3 3 3 3 3 3 3 3 3 3 4 4 4 4 4 4 4 4 4 4 4 4 3 3 3 3 4 4 4 4 6 6 6 6 6 6 6 6 4 4 4 4
-1 -1 -1 -1 -0 -0 -0 -0 1 1 1 1 4 4 4 4 6 6 6 6 7 7 7 7 7 7 7 7 7 7 7 7 7 7 7 7 5 5 5 5 4 4 4 4 3 3 3 3 3 3 3 3 3 3 3 3 4 4 4 4 4 4 4 4 4 4 4 4 3 3 3 3 4 4 4 4 6 6 6 6 6 6 6 6 4 4 4 4
