testcase/zwarte_beek/input/mhw.asc
ncols        188
nrows        84
xllcorner    216580.000000000000
yllcorner    198160.000000000000
cellsize     5.000000000000
NODATA_value -32768
[rows 0 to 48 of 84, columns 0 to 95 of 188]
-32768 -32768 -32768 -32768 -32768 -32768 -32768 -32768 -32768 -32768 -32768 -32768 -32768 -32768 -32768 -32768 -32768 -32768 -32768 -32768 -32768 -32768 -32768 -32768 -32768 -32768 -32768 -32768 -32768 -32768 -32768 -32768 -32768 -32768 -32768 -32768 -32768 -32768 -32768 -32768 -32768 -32768 -32768 -32768 -32768 -32768 -32768 -32768 -32768 -32768 -32768 -32768 -32768 -32768 -32768 -32768 -32768 -32768 -32768 -32768 -32768 -32768 -32768 -32768 -32768 -32768 -32768 -32768 -32768 -32768 -32768 -32768 -32768 -32768 -32768 -32768 -32768 -32768 -32768 -32768 -32768 -32768 -32768 -32768 -32768 -32768 -32768 -32768 -32768 -32768 -32768 -32768 -32768 -32768 -32768 -32768
-32768 -32768 -32768 -32768 -32768 -32768 -32768 -32768 -32768 -32768 -32768 -32768 -32768 -32768 -32768 -32768 -32768 -32768 -32768 -32768 -32768 -32768 -32768 -32768 -32768 -32768 -32768 -32768 -32768 -32768 -32768 -32768 -32768 -32768 -32768 -32768 -32768 -32768 -32768 -32768 -32768 -32768 -32768 -32768 -32768 -32768 -32768 -32768 -32768 -32768 -32768 -32768 -32768 -32768 -32768 -32768 -32768 -32768 -32768 -32768 -32768 -32768 -32768 -32768 -32768 -32768 -32768 -32768 -32768 -32768 -32768 -32768 -32768 -32768 -32768 -32768 -32768 -32768 -32768 -32768 -32768 -32768 -32768 -32768 -32768 -32768 -32768 -32768 -32768 -32768 -32768 -32768 -32768 -32768 -32768 -32768
-32768 -32768 -32768 -32768 -32768 -32768 -32768 -32768 -32768 -32768 -32768 -32768 -32768 -32768 -32768 -32768 -32768 -32768 -32768 -32768 -32768 -32768 -32768 -32768 -32768 -32768 -32768 -32768 -32768 -32768 -32768 -32768 -32768 -32768 -32768 -32768 -32768 -32768 -32768 -32768 -32768 -32768 -32768 -32768 -32768 -32768 -32768 -32768 -32768 -32768 -32768 -32768 -32768 -32768 -32768 -32768 -32768 -32768 -32768 -32768 -32768 -32768 -32768 -32768 -32768 -32768 -32768 -32768 -32768 -32768 -32768 -32768 -32768 -32768 -32768 -32768 -32768 -32768 -32768 -32768 -32768 -32768 -32768 -32768 -32768 -32768 -32768 -32768 -32768 -32768 -32768 -32768 -32768 -32768 -32768 -32768
-32768 -32768 -32768 -32768 -32768 -32768 -32768 -32768 -32768 -32768 -32768 -32768 -32768 -32768 -32768 -32768 -32768 -32768 -32768 -32768 -32768 -32768 -32768 -32768 -32768 -32768 -32768 -32768 -32768 -32768 -32768 -32768 -32768 -32768 -32768 -32768 -32768 -32768 -32768 -32768 -32768 -32768 -32768 -32768 -32768 -32768 -32768 -32768 -32768 -32768 -32768 -32768 -32768 -32768 -32768 -32768 -32768 -32768 -32768 -32768 -32768 -32768 -32768 -32768 -32768 -32768 -32768 -32768 -32768 -32768 -32768 -32768 -32768 -32768 -32768 -32768 -32768 -32768 -32768 -32768 -32768 -32768 -32768 -32768 -32768 -32768 -32768 -32768 -32768 -32768 -32768 -32768 -32768 -32768 -32768 -32768
-32768 -32768 -32768 -32768 -32768 -32768 -32768 -32768 -32768 -32768 -32768 -32768 -32768 -32768 -32768 -32768 -32768 -32768 -32768 -32768 -32768 -32768 -32768 -32768 -32768 -32768 -32768 -32768 -32768 -32768 -32768 -32768 -32768 -32768 -32768 -32768 -32768 -32768 -32768 -32768 -32768 -32768 -32768 -32768 -32768 -32768 -32768 -32768 -32768 -32768 -32768 -32768 -32768 -32768 -32768 -32768 40 40 40 40 40 40 40 40 35 35 35 35 30 30 30 30 26 26 26 26 23 23 23 23 19 19 19 19 16 16 16 16 12 12 12 12 8 8 8 8
-32768 -32768 -32768 -32768 -32768 -32768 -32768 -32768 -32768 -32768 -32768 -32768 -32768 -32768 -32768 -32768 -32768 -32768 -32768 -32768 -32768 -32768 -32768 -32768 -32768 -32768 -32768 -32768 -32768 -32768 -32768 -32768 -32768 -32768 -32768 -32768 -32768 -32768 -32768 -32768 -32768 -32768 -32768 -32768 -32768 -32768 -32768 -32768 -32768 -32768 -32768 -32768 -32768 -32768 -32768 -32768 40 40 40 40 40 40 40 40 35 35 35 35 30 30 30 30 26 26 26 26 23 23 23 23 19 19 19 19 16 16 16 16 12 12 12 12 8 8 8 8
-32768 -32768 -32768 -32768 -32768 -32768 -32768 -32768 -32768 -32768 -32768 -32768 -32768 -32768 -32768 -32768 -32768 -32768 -32768 -32768 -32768 -32768 -32768 -32768 -32768 -32768 -32768 -32768 -32768 -32768 -32768 -32768 -32768 -32768 -32768 -32768 -32768 -32768 -32768 -32768 -32768 -32768 -32768 -32768 -32768 -32768 -32768 -32768 -32768 -32768 -32768 -32768 -32768 -32768 -32768 -32768 40 40 40 40 40 40 40 40 35 35 35 35 30 30 30 30 26 26 26 26 23 23 23 23 19 19 19 19 16 16 16 16 12 12 12 12 8 8 8 8
-32768 -32768 -32768 -32768 -32768 -32768 -32768 -32768 -32768 -32768 -32768 -32768 -32768 -32768 -32768 -32768 -32768 -32768 -32768 -32768 -32768 -32768 -32768 -32768 -32768 -32768 -32768 -32768 -32768 -32768 -32768 -32768 -32768 -32768 -32768 -32768 -32768 -32768 -32768 -32768 -32768 -32768 -32768 -32768 -32768 -32768 -32768 -32768 -32768 -32768 -32768 -32768 -32768 -32768 -32768 -32768 40 40 40 40 40 40 40 40 35 35 35 35 30 30 30 30 26 26 26 26 23 23 23 23 19 19 19 19 16 16 16 16 12 12 12 12 8 8 8 8
-32768 -32768 -32768 -32768 -32768 -32768 -32768 -32768 -32768 -32768 -32768 -32768 -32768 -32768 -32768 -32768 -32768 -32768 -32768 -32768 -32768 -32768 -32768 -32768 -32768 -32768 -32768 -32768 -32768 -32768 -32768 -32768 -32768 -32768 -32768 -32768 -32768 -32768 -32768 -32768 -32768 -32768 -32768 -32768 -32768 -32768 -32768 -32768 -32768 -32768 -32768 -32768 -32768 -32768 -32768 -32768 38 38 38 38 38 38 38 38 31 31 31 31 26 26 26 26 23 23 23 23 20 20 20 20 17 17 17 17 15 15 15 15 12 12 12 12 8 8 8 8
-32768 -32768 -32768 -32768 -32768 -32768 -32768 -32768 -32768 -32768 -32768 -32768 -32768 -32768 -32768 -32768 -32768 -32768 -32768 -32768 -32768 -32768 -32768 -32768 -32768 -32768 -32768 -32768 -32768 -32768 -32768 -32768 -32768 -32768 -32768 -32768 -32768 -32768 -32768 -32768 -32768 -32768 -32768 -32768 -32768 -32768 -32768 -32768 -32768 -32768 -32768 -32768 -32768 -32768 -32768 -32768 38 38 38 38 38 38 38 38 31 31 31 31 26 26 26 26 23 23 23 23 20 20 20 20 17 17 17 17 15 15 15 15 12 12 12 12 8 8 8 8
-32768 -32768 -32768 -32768 -32768 -32768 -32768 -32768 -32768 -32768 -32768 -32768 -32768 -32768 -32768 -32768 -32768 -32768 -32768 -32768 -32768 -32768 -32768 -32768 -32768 -32768 -32768 -32768 -32768 -32768 -32768 -32768 -32768 -32768 -32768 -32768 -32768 -32768 -32768 -32768 -32768 -32768 -32768 -32768 -32768 -32768 -32768 -32768 -32768 -32768 -32768 -32768 -32768 -32768 -32768 -32768 38 38 38 38 38 38 38 38 31 31 31 31 26 26 26 26 23 23 23 23 20 20 20 20 17 17 17 17 15 15 15 15 12 12 12 12 8 8 8 8
-32768 -32768 -32768 -32768 -32768 -32768 -32768 -32768 -32768 -32768 -32768 -32768 -32768 -32768 -32768 -32768 -32768 -32768 -32768 -32768 -32768 -32768 -32768 -32768 -32768 -32768 -32768 -32768 -32768 -32768 -32768 -32768 -32768 -32768 -32768 -32768 -32768 -32768 -32768 -32768 -32768 -32768 -32768 -32768 -32768 -32768 -32768 -32768 -32768 -32768 -32768 -32768 -32768 -32768 -32768 -32768 38 38 38 38 38 38 38 38 31 31 31 31 26 26 26 26 23 23 23 23 20 20 20 20 17 17 17 17 15 15 15 15 12 12 12 12 8 8 8 8
-32768 -32768 -32768 -32768 -32768 -32768 -32768 -32768 -32768 -32768 -32768 -32768 -32768 -32768 -32768 -32768 -32768 -32768 -32768 -32768 -32768 -32768 -32768 -32768 -32768 -32768 -32768 -32768 -32768 -32768 -32768 -32768 -32768 -32768 -32768 -32768 -32768 -32768 -32768 -32768 -32768 -32768 -32768 -32768 -32768 -32768 -32768 -32768 -32768 -32768 -32768 -32768 -32768 -32768 -32768 -32768 27 27 27 27 26 26 26 26 23 23 23 23 20 20 20 20 18 18 18 18 17 17 17 17 15 15 15 15 14 14 14 14 11 11 11 11 8 8 8 8
-32768 -32768 -32768 -32768 -32768 -32768 -32768 -32768 -32768 -32768 -32768 -32768 -32768 -32768 -32768 -32768 -32768 -32768 -32768 -32768 -32768 -32768 -32768 -32768 -32768 -32768 -32768 -32768 -32768 -32768 -32768 -32768 -32768 -32768 -32768 -32768 -32768 -32768 -32768 -32768 -32768 -32768 -32768 -32768 -32768 -32768 -32768 -32768 -32768 -32768 -32768 -32768 -32768 -32768 -32768 -32768 27 27 27 27 26 26 26 26 23 23 23 23 20 20 20 20 18 18 18 18 17 17 17 17 15 15 15 15 14 14 14 14 11 11 11 11 8 8 8 8
-32768 -32768 -32768 -32768 -32768 -32768 -32768 -32768 -32768 -32768 -32768 -32768 -32768 -32768 -32768 -32768 -32768 -32768 -32768 -32768 -32768 -32768 -32768 -32768 -32768 -32768 -32768 -32768 -32768 -32768 -32768 -32768 -32768 -32768 -32768 -32768 -32768 -32768 -32768 -32768 -32768 -32768 -32768 -32768 -32768 -32768 -32768 -32768 -32768 -32768 -32768 -32768 -32768 -32768 -32768 -32768 27 27 27 27 26 26 26 26 23 23 23 23 20 20 20 20 18 18 18 18 17 17 17 17 15 15 15 15 14 14 14 14 11 11 11 11 8 8 8 8
-32768 -32768 -32768 -32768 -32768 -32768 -32768 -32768 -32768 -32768 -32768 -32768 -32768 -32768 -32768 -32768 -32768 -32768 -32768 -32768 -32768 -32768 -32768 -32768 -32768 -32768 -32768 -32768 -32768 -32768 -32768 -32768 -32768 -32768 -32768 -32768 -32768 -32768 -32768 -32768 -32768 -32768 -32768 -32768 -32768 -32768 -32768 -32768 -32768 -32768 -32768 -32768 -32768 -32768 -32768 -32768 27 27 27 27 26 26 26 26 23 23 23 23 20 20 20 20 18 18 18 18 17 17 17 17 15 15 15 15 14 14 14 14 11 11 11 11 8 8 8 8
-32768 -32768 -32768 -32768 -32768 -32768 -32768 -32768 -32768 -32768 -32768 -32768 -32768 -32768 -32768 -32768 -32768 -32768 -32768 -32768 -32768 -32768 -32768 -32768 -32768 -32768 -32768 -32768 -32768 -32768 -32768 -32768 -32768 -32768 -32768 -32768 -32768 -32768 -32768 -32768 -32768 -32768 -32768 -32768 -32768 -32768 -32768 -32768 -32768 -32768 -32768 -32768 13 13 13 13 14 14 14 14 13 13 13 13 12 12 12 12 13 13 13 13 13 13 13 13 13 13 13 13 13 13 13 13 13 13 13 13 11 11 11 11 9 9 9 9
-32768 -32768 -32768 -32768 -32768 -32768 -32768 -32768 -32768 -32768 -32768 -32768 -32768 -32768 -32768 -32768 -32768 -32768 -32768 -32768 -32768 -32768 -32768 -32768 -32768 -32768 -32768 -32768 -32768 -32768 -32768 -32768 -32768 -32768 -32768 -32768 -32768 -32768 -32768 -32768 -32768 -32768 -32768 -32768 -32768 -32768 -32768 -32768 -32768 -32768 -32768 -32768 13 13 13 13 14 14 14 14 13 13 13 13 12 12 12 12 13 13 13 13 13 13 13 13 13 13 13 13 13 13 13 13 13 13 13 13 11 11 11 11 9 9 9 9
-32768 -32768 -32768 -32768 -32768 -32768 -32768 -32768 -32768 -32768 -32768 -32768 -32768 -32768 -32768 -32768 -32768 -32768 -32768 -32768 -32768 -32768 -32768 -32768 -32768 -32768 -32768 -32768 -32768 -32768 -32768 -32768 -32768 -32768 -32768 -32768 -32768 -32768 -32768 -32768 -32768 -32768 -32768 -32768 -32768 -32768 -32768 -32768 -32768 -32768 -32768 -32768 13 13 13 13 14 14 14 14 13 13 13 13 12 12 12 12 13 13 13 13 13 13 13 13 13 13 13 13 13 13 13 13 13 13 13 13 11 11 11 11 9 9 9 9
-32768 -32768 -32768 -32768 -32768 -32768 -32768 -32768 -32768 -32768 -32768 -32768 -32768 -32768 -32768 -32768 -32768 -32768 -32768 -32768 -32768 -32768 -32768 -32768 -32768 -32768 -32768 -32768 -32768 -32768 -32768 -32768 -32768 -32768 -32768 -32768 -32768 -32768 -32768 -32768 -32768 -32768 -32768 -32768 -32768 -32768 -32768 -32768 -32768 -32768 -32768 -32768 13 13 13 13 14 14 14 14 13 13 13 13 12 12 12 12 13 13 13 13 13 13 13 13 13 13 13 13 13 13 13 13 13 13 13 13 11 11 11 11 9 9 9 9
-32768 -32768 -32768 -32768 -32768 -32768 -32768 -32768 -32768 -32768 -32768 -32768 -32768 -32768 -32768 -32768 -32768 -32768 -32768 -32768 -32768 -32768 -32768 -32768 -32768 -32768 -32768 -32768 -32768 -32768 -32768 -32768 -32768 -32768 -32768 -32768 -32768 -32768 -32768 -32768 0 0 0 0 0 0 0 0 2 2 2 2 3 3 3 3 3 3 3 3 1 1 1 1 1 1 1 1 5 5 5 5 8 8 8 8 10 10 10 10 11 11 11 11 12 12 12 12 12 12 12 12 11 11 11 11
-32768 -32768 -32768 -32768 -32768 -32768 -32768 -32768 -32768 -32768 -32768 -32768 -32768 -32768 -32768 -32768 -32768 -32768 -32768 -32768 -32768 -32768 -32768 -32768 -32768 -32768 -32768 -32768 -32768 -32768 -32768 -32768 -32768 -32768 -32768 -32768 -32768 -32768 -32768 -32768 0 0 0 0 0 0 0 0 2 2 2 2 3 3 3 3 3 3 3 3 1 1 1 1 1 1 1 1 5 5 5 5 8 8 8 8 10 10 10 10 11 11 11 11 12 12 12 12 12 12 12 12 11 11 11 11
-32768 -32768 -32768 -32768 -32768 -32768 -32768 -32768 -32768 -32768 -32768 -32768 -32768 -32768 -32768 -32768 -32768 -32768 -32768 -32768 -32768 -32768 -32768 -32768 -32768 -32768 -32768 -32768 -32768 -32768 -32768 -32768 -32768 -32768 -32768 -32768 -32768 -32768 -32768 -32768 0 0 0 0 0 0 0 0 2 2 2 2 3 3 3 3 3 3 3 3 1 1 1 1 1 1 1 1 5 5 5 5 8 8 8 8 10 10 10 10 11 11 11 11 12 12 12 12 12 12 12 12 11 11 11 11
-32768 -32768 -32768 -32768 -32768 -32768 -32768 -32768 -32768 -32768 -32768 -32768 -32768 -32768 -32768 -32768 -32768 -32768 -32768 -32768 -32768 -32768 -32768 -32768 -32768 -32768 -32768 -32768 -32768 -32768 -32768 -32768 -32768 -32768 -32768 -32768 -32768 -32768 -32768 -32768 0 0 0 0 0 0 0 0 2 2 2 2 3 3 3 3 3 3 3 3 1 1 1 1 1 1 1 1 5 5 5 5 8 8 8 8 10 10 10 10 11 11 11 11 12 12 12 12 12 12 12 12 11 11 11 11
-32768 -32768 -32768 -32768 -32768 -32768 -32768 -32768 -32768 -32768 -32768 -32768 -32768 -32768 -32768 -32768 -32768 -32768 -32768 -32768 -32768 -32768 -32768 -32768 -32768 -32768 -32768 -32768 -32768 -32768 -32768 -32768 -32768 -32768 -32768 -32768 -32768 -32768 -32768 -32768 -10 -10 -10 -10 -7 -7 -7 -7 -5 -5 -5 -5 -3 -3 -3 -3 -3 -3 -3 -3 -5 -5 -5 -5 -3 -3 -3 -3 1 1 1 1 5 5 5 5 7 7 7 7 9 9 9 9 11 11 11 11 12 12 12 12 13 13 13 13
-32768 -32768 -32768 -32768 -32768 -32768 -32768 -32768 -32768 -32768 -32768 -32768 -32768 -32768 -32768 -32768 -32768 -32768 -32768 -32768 -32768 -32768 -32768 -32768 -32768 -32768 -32768 -32768 -32768 -32768 -32768 -32768 -32768 -32768 -32768 -32768 -32768 -32768 -32768 -32768 -10 -10 -10 -10 -7 -7 -7 -7 -5 -5 -5 -5 -3 -3 -3 -3 -3 -3 -3 -3 -5 -5 -5 -5 -3 -3 -3 -3 1 1 1 1 5 5 5 5 7 7 7 7 9 9 9 9 11 11 11 11 12 12 12 12 13 13 13 13
-32768 -32768 -32768 -32768 -32768 -32768 -32768 -32768 -32768 -32768 -32768 -32768 -32768 -32768 -32768 -32768 -32768 -32768 -32768 -32768 -32768 -32768 -32768 -32768 -32768 -32768 -32768 -32768 -32768 -32768 -32768 -32768 -32768 -32768 -32768 -32768 -32768 -32768 -32768 -32768 -10 -10 -10 -10 -7 -7 -7 -7 -5 -5 -5 -5 -3 -3 -3 -3 -3 -3 -3 -3 -5 -5 -5 -5 -3 -3 -3 -3 1 1 1 1 5 5 5 5 7 7 7 7 9 9 9 9 11 11 11 11 12 12 12 12 13 13 13 13
-32768 -32768 -32768 -32768 -32768 -32768 -32768 -32768 -32768 -32768 -32768 -32768 -32768 -32768 -32768 -32768 -32768 -32768 -32768 -32768 -32768 -32768 -32768 -32768 -32768 -32768 -32768 -32768 -32768 -32768 -32768 -32768 -32768 -32768 -32768 -32768 -32768 -32768 -32768 -32768 -10 -10 -10 -10 -7 -7 -7 -7 -5 -5 -5 -5 -3 -3 -3 -3 -3 -3 -3 -3 -5 -5 -5 -5 -3 -3 -3 -3 1 1 1 1 5 5 5 5 7 7 7 7 9 9 9 9 11 11 11 11 12 12 12 12 13 13 13 13
-32768 -32768 -32768 -32768 -32768 -32768 -32768 -32768 -32768 -32768 -32768 -32768 -32768 -32768 -32768 -32768 -32768 -32768 -32768 -32768 -32768 -32768 -32768 -32768 -32768 -32768 -32768 -32768 -32768 -32768 -32768 -32768 -32768 -32768 -32768 -32768 -32768 -32768 -32768 -32768 -16 -16 -16 -16 -13 -13 -13 -13 -10 -10 -10 -10 -8 -8 -8 -8 -7 -7 -7 -7 -5 -5 -5 -5 -3 -3 -3 -3 0 0 0 0 3 3 3 3 5 5 5 5 7 7 7 7 9 9 9 9 10 10 10 10 12 12 12 12
-32768 -32768 -32768 -32768 -32768 -32768 -32768 -32768 -32768 -32768 -32768 -32768 -32768 -32768 -32768 -32768 -32768 -32768 -32768 -32768 -32768 -32768 -32768 -32768 -32768 -32768 -32768 -32768 -32768 -32768 -32768 -32768 -32768 -32768 -32768 -32768 -32768 -32768 -32768 -32768 -16 -16 -16 -16 -13 -13 -13 -13 -10 -10 -10 -10 -8 -8 -8 -8 -7 -7 -7 -7 -5 -5 -5 -5 -3 -3 -3 -3 0 0 0 0 3 3 3 3 5 5 5 5 7 7 7 7 9 9 9 9 10 10 10 10 12 12 12 12
-32768 -32768 -32768 -32768 -32768 -32768 -32768 -32768 -32768 -32768 -32768 -32768 -32768 -32768 -32768 -32768 -32768 -32768 -32768 -32768 -32768 -32768 -32768 -32768 -32768 -32768 -32768 -32768 -32768 -32768 -32768 -32768 -32768 -32768 -32768 -32768 -32768 -32768 -32768 -32768 -16 -16 -16 -16 -13 -13 -13 -13 -10 -10 -10 -10 -8 -8 -8 -8 -7 -7 -7 -7 -5 -5 -5 -5 -3 -3 -3 -3 0 0 0 0 3 3 3 3 5 5 5 5 7 7 7 7 9 9 9 9 10 10 10 10 12 12 12 12
-32768 -32768 -32768 -32768 -32768 -32768 -32768 -32768 -32768 -32768 -32768 -32768 -32768 -32768 -32768 -32768 -32768 -32768 -32768 -32768 -32768 -32768 -32768 -32768 -32768 -32768 -32768 -32768 -32768 -32768 -32768 -32768 -32768 -32768 -32768 -32768 -32768 -32768 -32768 -32768 -16 -16 -16 -16 -13 -13 -13 -13 -10 -10 -10 -10 -8 -8 -8 -8 -7 -7 -7 -7 -5 -5 -5 -5 -3 -3 -3 -3 0 0 0 0 3 3 3 3 5 5 5 5 7 7 7 7 9 9 9 9 10 10 10 10 12 12 12 12
-32768 -32768 -32768 -32768 -32768 -32768 -32768 -32768 38 38 38 38 20 20 20 20 9 9 9 9 3 3 3 3 -2 -2 -2 -2 -6 -6 -6 -6 -11 -11 -11 -11 -15 -15 -15 -15 -16 -16 -16 -16 -15 -15 -15 -15 -12 -12 -12 -12 -10 -10 -10 -10 -7 -7 -7 -7 -5 -5 -5 -5 -1 -1 -1 -1 1 1 1 1 3 3 3 3 4 4 4 4 5 5 5 5 6 6 6 6 6 6 6 6 6 6 6 6
-32768 -32768 -32768 -32768 -32768 -32768 -32768 -32768 38 38 38 38 20 20 20 20 9 9 9 9 3 3 3 3 -2 -2 -2 -2 -6 -6 -6 -6 -11 -11 -11 -11 -15 -15 -15 -15 -16 -16 -16 -16 -15 -15 -15 -15 -12 -12 -12 -12 -10 -10 -10 -10 -7 -7 -7 -7 -5 -5 -5 -5 -1 -1 -1 -1 1 1 1 1 3 3 3 3 4 4 4 4 5 5 5 5 6 6 6 6 6 6 6 6 6 6 6 6
-32768 -32768 -32768 -32768 -32768 -32768 -32768 -32768 38 38 38 38 20 20 20 20 9 9 9 9 3 3 3 3 -2 -2 -2 -2 -6 -6 -6 -6 -11 -11 -11 -11 -15 -15 -15 -15 -16 -16 -16 -16 -15 -15 -15 -15 -12 -12 -12 -12 -10 -10 -10 -10 -7 -7 -7 -7 -5 -5 -5 -5 -1 -1 -1 -1 1 1 1 1 3 3 3 3 4 4 4 4 5 5 5 5 6 6 6 6 6 6 6 6 6 6 6 6
-32768 -32768 -32768 -32768 -32768 -32768 -32768 -32768 38 38 38 38 20 20 20 20 9 9 9 9 3 3 3 3 -2 -2 -2 -2 -6 -6 -6 -6 -11 -11 -11 -11 -15 -15 -15 -15 -16 -16 -16 -16 -15 -15 -15 -15 -12 -12 -12 -12 -10 -10 -10 -10 -7 -7 -7 -7 -5 -5 -5 -5 -1 -1 -1 -1 1 1 1 1 3 3 3 3 4 4 4 4 5 5 5 5 6 6 6 6 6 6 6 6 6 6 6 6
-32768 -32768 -32768 -32768 -32768 -32768 -32768 -32768 11 11 11 11 0 0 0 0 -2 -2 -2 -2 -5 -5 -5 -5 -7 -7 -7 -7 -10 -10 -10 -10 -13 -13 -13 -13 -15 -15 -15 -15 -16 -16 -16 -16 -15 -15 -15 -15 -13 -13 -13 -13 -10 -10 -10 -10 -7 -7 -7 -7 -4 -4 -4 -4 0 0 0 0 2 2 2 2 3 3 3 3 3 3 3 3 3 3 3 3 2 2 2 2 1 1 1 1 0 0 0 0
-32768 -32768 -32768 -32768 -32768 -32768 -32768 -32768 11 11 11 11 0 0 0 0 -2 -2 -2 -2 -5 -5 -5 -5 -7 -7 -7 -7 -10 -10 -10 -10 -13 -13 -13 -13 -15 -15 -15 -15 -16 -16 -16 -16 -15 -15 -15 -15 -13 -13 -13 -13 -10 -10 -10 -10 -7 -7 -7 -7 -4 -4 -4 -4 0 0 0 0 2 2 2 2 3 3 3 3 3 3 3 3 3 3 3 3 2 2 2 2 1 1 1 1 0 0 0 0
-32768 -32768 -32768 -32768 -32768 -32768 -32768 -32768 11 11 11 11 0 0 0 0 -2 -2 -2 -2 -5 -5 -5 -5 -7 -7 -7 -7 -10 -10 -10 -10 -13 -13 -13 -13 -15 -15 -15 -15 -16 -16 -16 -16 -15 -15 -15 -15 -13 -13 -13 -13 -10 -10 -10 -10 -7 -7 -7 -7 -4 -4 -4 -4 0 0 0 0 2 2 2 2 3 3 3 3 3 3 3 3 3 3 3 3 2 2 2 2 1 1 1 1 0 0 0 0
-32768 -32768 -32768 -32768 -32768 -32768 -32768 -32768 11 11 11 11 0 0 0 0 -2 -2 -2 -2 -5 -5 -5 -5 -7 -7 -7 -7 -10 -10 -10 -10 -13 -13 -13 -13 -15 -15 -15 -15 -16 -16 -16 -16 -15 -15 -15 -15 -13 -13 -13 -13 -10 -10 -10 -10 -7 -7 -7 -7 -4 -4 -4 -4 0 0 0 0 2 2 2 2 3 3 3 3 3 3 3 3 3 3 3 3 2 2 2 2 1 1 1 1 0 0 0 0
-32768 -32768 -32768 -32768 -32768 -32768 -32768 -32768 -10 -10 -10 -10 -11 -11 -11 -11 -11 -11 -11 -11 -11 -11 -11 -11 -12 -12 -12 -12 -13 -13 -13 -13 -32768 -32768 -32768 -32768 -32768 -32768 -32768 -32768 -15 -15 -15 -15 -15 -15 -15 -15 -13 -13 -13 -13 -10 -10 -10 -10 -7 -7 -7 -7 -4 -4 -4 -4 0 0 0 0 3 3 3 3 2 2 2 2 2 2 2 2 1 1 1 1 0 0 0 0 -2 -2 -2 -2 -5 -5 -5 -5
-32768 -32768 -32768 -32768 -32768 -32768 -32768 -32768 -10 -10 -10 -10 -11 -11 -11 -11 -11 -11 -11 -11 -11 -11 -11 -11 -12 -12 -12 -12 -13 -13 -13 -13 -32768 -32768 -32768 -32768 -32768 -32768 -32768 -32768 -15 -15 -15 -15 -15 -15 -15 -15 -13 -13 -13 -13 -10 -10 -10 -10 -7 -7 -7 -7 -4 -4 -4 -4 0 0 0 0 3 3 3 3 2 2 2 2 2 2 2 2 1 1 1 1 0 0 0 0 -2 -2 -2 -2 -5 -5 -5 -5
-32768 -32768 -32768 -32768 -32768 -32768 -32768 -32768 -10 -10 -10 -10 -11 -11 -11 -11 -11 -11 -11 -11 -11 -11 -11 -11 -12 -12 -12 -12 -13 -13 -13 -13 -32768 -32768 -32768 -32768 -32768 -32768 -32768 -32768 -15 -15 -15 -15 -15 -15 -15 -15 -13 -13 -13 -13 -10 -10 -10 -10 -7 -7 -7 -7 -4 -4 -4 -4 0 0 0 0 3 3 3 3 2 2 2 2 2 2 2 2 1 1 1 1 0 0 0 0 -2 -2 -2 -2 -5 -5 -5 -5
-32768 -32768 -32768 -32768 -32768 -32768 -32768 -32768 -10 -10 -10 -10 -11 -11 -11 -11 -11 -11 -11 -11 -11 -11 -11 -11 -12 -12 -12 -12 -13 -13 -13 -13 -32768 -32768 -32768 -32768 -32768 -32768 -32768 -32768 -15 -15 -15 -15 -15 -15 -15 -15 -13 -13 -13 -13 -10 -10 -10 -10 -7 -7 -7 -7 -4 -4 -4 -4 0 0 0 0 3 3 3 3 2 2 2 2 2 2 2 2 1 1 1 1 0 0 0 0 -2 -2 -2 -2 -5 -5 -5 -5
-32768 -32768 -32768 -32768 -13 -13 -13 -13 -19 -19 -19 -19 -18 -18 -18 -18 -17 -17 -17 -17 -15 -15 -15 -15 -14 -14 -14 -14 -14 -14 -14 -14 -32768 -32768 -32768 -32768 -32768 -32768 -32768 -32768 -15 -15 -15 -15 -14 -14 -14 -14 -12 -12 -12 -12 -10 -10 -10 -10 -7 -7 -7 -7 -4 -4 -4 -4 -1 -1 -1 -1 0 0 0 0 1 1 1 1 1 1 1 1 0 0 0 0 -2 -2 -2 -2 -5 -5 -5 -5 -10 -10 -10 -10
-32768 -32768 -32768 -32768 -13 -13 -13 -13 -19 -19 -19 -19 -18 -18 -18 -18 -17 -17 -17 -17 -15 -15 -15 -15 -14 -14 -14 -14 -14 -14 -14 -14 -32768 -32768 -32768 -32768 -32768 -32768 -32768 -32768 -15 -15 -15 -15 -14 -14 -14 -14 -12 -12 -12 -12 -10 -10 -10 -10 -7 -7 -7 -7 -4 -4 -4 -4 -1 -1 -1 -1 0 0 0 0 1 1 1 1 1 1 1 1 0 0 0 0 -2 -2 -2 -2 -5 -5 -5 -5 -10 -10 -10 -10
-32768 -32768 -32768 -32768 -13 -13 -13 -13 -19 -19 -19 -19 -18 -18 -18 -18 -17 -17 -17 -17 -15 -15 -15 -15 -14 -14 -14 -14 -14 -14 -14 -14 -32768 -32768 -32768 -32768 -32768 -32768 -32768 -32768 -15 -15 -15 -15 -14 -14 -14 -14 -12 -12 -12 -12 -10 -10 -10 -10 -7 -7 -7 -7 -4 -4 -4 -4 -1 -1 -1 -1 0 0 0 0 1 1 1 1 1 1 1 1 0 0 0 0 -2 -2 -2 -2 -5 -5 -5 -5 -10 -10 -10 -10
-32768 -32768 -32768 -32768 -13 -13 -13 -13 -19 -19 -19 -19 -18 -18 -18 -18 -17 -17 -17 -17 -15 -15 -15 -15 -14 -14 -14 -14 -14 -14 -14 -14 -32768 -32768 -32768 -32768 -32768 -32768 -32768 -32768 -15 -15 -15 -15 -14 -14 -14 -14 -12 -12 -12 -12 -10 -10 -10 -10 -7 -7 -7 -7 -4 -4 -4 -4 -1 -1 -1 -1 0 0 0 0 1 1 1 1 1 1 1 1 0 0 0 0 -2 -2 -2 -2 -5 -5 -5 -5 -10 -10 -10 -10
-11 -11 -11 -11 -18 -18 -18 -18 -25 -25 -25 -25 -21 -21 -21 -21 -18 -18 -18 -18 -17 -17 -17 -17 -15 -15 -15 -15 -14 -14 -14 -14 -32768 -32768 -32768 -32768 -32768 -32768 -32768 -32768 -32768 -32768 -32768 -32768 -13 -13 -13 -13 -12 -12 -12 -12 -10 -10 -10 -10 -8 -8 -8 -8 -5 -5 -5 -5 -2 -2 -2 -2 0 0 0 0 0 0 0 0 0 0 0 0 0 0 0 0 -3 -3 -3 -3 -6 -6 -6 -6 -11 -11 -11 -11
