testcase/zwarte_beek/input/mlw.asc
ncols        188
nrows        84
xllcorner    216580.000000000000
yllcorner    198160.000000000000
cellsize     5.000000000000
NODATA_value -3.4028234663852885981e+38
[rows 35 to 69 of 84, columns 0 to 77 of 188]
-3.4028234663852885981e+38 -3.4028234663852885981e+38 -3.4028234663852885981e+38 -3.4028234663852885981e+38 -3.4028234663852885981e+38 -3.4028234663852885981e+38 -3.4028234663852885981e+38 -3.4028234663852885981e+38 -148 -148 -148 -148 -112 -112 -112 -112 -93 -93 -93 -93 -84 -84 -84 -84 -77 -77 -77 -77 -70 -70 -70 -70 -63 -63 -63 -63 -55 -55 -55 -55 -48 -48 -48 -48 -42 -42 -42 -42 -35 -35 -35 -35 -29 -29 -29 -29 -24 -24 -24 -24 -20 -20 -20 -20 -19 -19 -19 -19 -22 -22 -22 -22 -27 -27 -27 -27 -33 -33
-3.4028234663852885981e+38 -3.4028234663852885981e+38 -3.4028234663852885981e+38 -3.4028234663852885981e+38 -3.4028234663852885981e+38 -3.4028234663852885981e+38 -3.4028234663852885981e+38 -3.4028234663852885981e+38 -90 -90 -90 -90 -66 -66 -66 -66 -68 -68 -68 -68 -67 -67 -67 -67 -64 -64 -64 -64 -60 -60 -60 -60 -54 -54 -54 -54 -48 -48 -48 -48 -42 -42 -42 -42 -36 -36 -36 -36 -31 -31 -31 -31 -26 -26 -26 -26 -23 -23 -23 -23 -21 -21 -21 -21 -21 -21 -21 -21 -24 -24 -24 -24 -29 -29 -29 -29 -35 -35
-3.4028234663852885981e+38 -3.4028234663852885981e+38 -3.4028234663852885981e+38 -3.4028234663852885981e+38 -3.4028234663852885981e+38 -3.4028234663852885981e+38 -3.4028234663852885981e+38 -3.4028234663852885981e+38 -90 -90 -90 -90 -66 -66 -66 -66 -68 -68 -68 -68 -67 -67 -67 -67 -64 -64 -64 -64 -60 -60 -60 -60 -54 -54 -54 -54 -48 -48 -48 -48 -42 -42 -42 -42 -36 -36 -36 -36 -31 -31 -31 -31 -26 -26 -26 -26 -23 -23 -23 -23 -21 -21 -21 -21 -21 -21 -21 -21 -24 -24 -24 -24 -29 -29 -29 -29 -35 -35
-3.4028234663852885981e+38 -3.4028234663852885981e+38 -3.4028234663852885981e+38 -3.4028234663852885981e+38 -3.4028234663852885981e+38 -3.4028234663852885981e+38 -3.4028234663852885981e+38 -3.4028234663852885981e+38 -90 -90 -90 -90 -66 -66 -66 -66 -68 -68 -68 -68 -67 -67 -67 -67 -64 -64 -64 -64 -60 -60 -60 -60 -54 -54 -54 -54 -48 -48 -48 -48 -42 -42 -42 -42 -36 -36 -36 -36 -31 -31 -31 -31 -26 -26 -26 -26 -23 -23 -23 -23 -21 -21 -21 -21 -21 -21 -21 -21 -24 -24 -24 -24 -29 -29 -29 -29 -35 -35
-3.4028234663852885981e+38 -3.4028234663852885981e+38 -3.4028234663852885981e+38 -3.4028234663852885981e+38 -3.4028234663852885981e+38 -3.4028234663852885981e+38 -3.4028234663852885981e+38 -3.4028234663852885981e+38 -90 -90 -90 -90 -66 -66 -66 -66 -68 -68 -68 -68 -67 -67 -67 -67 -64 -64 -64 -64 -60 -60 -60 -60 -54 -54 -54 -54 -48 -48 -48 -48 -42 -42 -42 -42 -36 -36 -36 -36 -31 -31 -31 -31 -26 -26 -26 -26 -23 -23 -23 -23 -21 -21 -21 -21 -21 -21 -21 -21 -24 -24 -24 -24 -29 -29 -29 -29 -35 -35
-3.4028234663852885981e+38 -3.4028234663852885981e+38 -3.4028234663852885981e+38 -3.4028234663852885981e+38 -3.4028234663852885981e+38 -3.4028234663852885981e+38 -3.4028234663852885981e+38 -3.4028234663852885981e+38 -47 -47 -47 -47 -46 -46 -46 -46 -50 -50 -50 -50 -54 -54 -54 -54 -55 -55 -55 -55 -52 -52 -52 -52 -3.4028234663852885981e+38 -3.4028234663852885981e+38 -3.4028234663852885981e+38 -3.4028234663852885981e+38 -3.4028234663852885981e+38 -3.4028234663852885981e+38 -3.4028234663852885981e+38 -3.4028234663852885981e+38 -37 -37 -37 -37 -32 -32 -32 -32 -27 -27 -27 -27 -24 -24 -24 -24 -23 -23 -23 -23 -23 -23 -23 -23 -24 -24 -24 -24 -27 -27 -27 -27 -33 -33 -33 -33 -38 -38
-3.4028234663852885981e+38 -3.4028234663852885981e+38 -3.4028234663852885981e+38 -3.4028234663852885981e+38 -3.4028234663852885981e+38 -3.4028234663852885981e+38 -3.4028234663852885981e+38 -3.4028234663852885981e+38 -47 -47 -47 -47 -46 -46 -46 -46 -50 -50 -50 -50 -54 -54 -54 -54 -55 -55 -55 -55 -52 -52 -52 -52 -3.4028234663852885981e+38 -3.4028234663852885981e+38 -3.4028234663852885981e+38 -3.4028234663852885981e+38 -3.4028234663852885981e+38 -3.4028234663852885981e+38 -3.4028234663852885981e+38 -3.4028234663852885981e+38 -37 -37 -37 -37 -32 -32 -32 -32 -27 -27 -27 -27 -24 -24 -24 -24 -23 -23 -23 -23 -23 -23 -23 -23 -24 -24 -24 -24 -27 -27 -27 -27 -33 -33 -33 -33 -38 -38
-3.4028234663852885981e+38 -3.4028234663852885981e+38 -3.4028234663852885981e+38 -3.4028234663852885981e+38 -3.4028234663852885981e+38 -3.4028234663852885981e+38 -3.4028234663852885981e+38 -3.4028234663852885981e+38 -47 -47 -47 -47 -46 -46 -46 -46 -50 -50 -50 -50 -54 -54 -54 -54 -55 -55 -55 -55 -52 -52 -52 -52 -3.4028234663852885981e+38 -3.4028234663852885981e+38 -3.4028234663852885981e+38 -3.4028234663852885981e+38 -3.4028234663852885981e+38 -3.4028234663852885981e+38 -3.4028234663852885981e+38 -3.4028234663852885981e+38 -37 -37 -37 -37 -32 -32 -32 -32 -27 -27 -27 -27 -24 -24 -24 -24 -23 -23 -23 -23 -23 -23 -23 -23 -24 -24 -24 -24 -27 -27 -27 -27 -33 -33 -33 -33 -38 -38
-3.4028234663852885981e+38 -3.4028234663852885981e+38 -3.4028234663852885981e+38 -3.4028234663852885981e+38 -3.4028234663852885981e+38 -3.4028234663852885981e+38 -3.4028234663852885981e+38 -3.4028234663852885981e+38 -47 -47 -47 -47 -46 -46 -46 -46 -50 -50 -50 -50 -54 -54 -54 -54 -55 -55 -55 -55 -52 -52 -52 -52 -3.4028234663852885981e+38 -3.4028234663852885981e+38 -3.4028234663852885981e+38 -3.4028234663852885981e+38 -3.4028234663852885981e+38 -3.4028234663852885981e+38 -3.4028234663852885981e+38 -3.4028234663852885981e+38 -37 -37 -37 -37 -32 -32 -32 -32 -27 -27 -27 -27 -24 -24 -24 -24 -23 -23 -23 -23 -23 -23 -23 -23 -24 -24 -24 -24 -27 -27 -27 -27 -33 -33 -33 -33 -38 -38
-3.4028234663852885981e+38 -3.4028234663852885981e+38 -3.4028234663852885981e+38 -3.4028234663852885981e+38 -38 -38 -38 -38 -30 -30 -30 -30 -33 -33 -33 -33 -41 -41 -41 -41 -48 -48 -48 -48 -49 -49 -49 -49 -46 -46 -46 -46 -3.4028234663852885981e+38 -3.4028234663852885981e+38 -3.4028234663852885981e+38 -3.4028234663852885981e+38 -3.4028234663852885981e+38 -3.4028234663852885981e+38 -3.4028234663852885981e+38 -3.4028234663852885981e+38 -33 -33 -33 -33 -28 -28 -28 -28 -25 -25 -25 -25 -23 -23 -23 -23 -24 -24 -24 -24 -26 -26 -26 -26 -29 -29 -29 -29 -34 -34 -34 -34 -39 -39 -39 -39 -44 -44
-3.4028234663852885981e+38 -3.4028234663852885981e+38 -3.4028234663852885981e+38 -3.4028234663852885981e+38 -38 -38 -38 -38 -30 -30 -30 -30 -33 -33 -33 -33 -41 -41 -41 -41 -48 -48 -48 -48 -49 -49 -49 -49 -46 -46 -46 -46 -3.4028234663852885981e+38 -3.4028234663852885981e+38 -3.4028234663852885981e+38 -3.4028234663852885981e+38 -3.4028234663852885981e+38 -3.4028234663852885981e+38 -3.4028234663852885981e+38 -3.4028234663852885981e+38 -33 -33 -33 -33 -28 -28 -28 -28 -25 -25 -25 -25 -23 -23 -23 -23 -24 -24 -24 -24 -26 -26 -26 -26 -29 -29 -29 -29 -34 -34 -34 -34 -39 -39 -39 -39 -44 -44
-3.4028234663852885981e+38 -3.4028234663852885981e+38 -3.4028234663852885981e+38 -3.4028234663852885981e+38 -38 -38 -38 -38 -30 -30 -30 -30 -33 -33 -33 -33 -41 -41 -41 -41 -48 -48 -48 -48 -49 -49 -49 -49 -46 -46 -46 -46 -3.4028234663852885981e+38 -3.4028234663852885981e+38 -3.4028234663852885981e+38 -3.4028234663852885981e+38 -3.4028234663852885981e+38 -3.4028234663852885981e+38 -3.4028234663852885981e+38 -3.4028234663852885981e+38 -33 -33 -33 -33 -28 -28 -28 -28 -25 -25 -25 -25 -23 -23 -23 -23 -24 -24 -24 -24 -26 -26 -26 -26 -29 -29 -29 -29 -34 -34 -34 -34 -39 -39 -39 -39 -44 -44
-3.4028234663852885981e+38 -3.4028234663852885981e+38 -3.4028234663852885981e+38 -3.4028234663852885981e+38 -38 -38 -38 -38 -30 -30 -30 -30 -33 -33 -33 -33 -41 -41 -41 -41 -48 -48 -48 -48 -49 -49 -49 -49 -46 -46 -46 -46 -3.4028234663852885981e+38 -3.4028234663852885981e+38 -3.4028234663852885981e+38 -3.4028234663852885981e+38 -3.4028234663852885981e+38 -3.4028234663852885981e+38 -3.4028234663852885981e+38 -3.4028234663852885981e+38 -33 -33 -33 -33 -28 -28 -28 -28 -25 -25 -25 -25 -23 -23 -23 -23 -24 -24 -24 -24 -26 -26 -26 -26 -29 -29 -29 -29 -34 -34 -34 -34 -39 -39 -39 -39 -44 -44
-35 -35 -35 -35 -24 -24 -24 -24 -15 -15 -15 -15 -24 -24 -24 -24 -36 -36 -36 -36 -47 -47 -47 -47 -46 -46 -46 -46 -42 -42 -42 -42 -3.4028234663852885981e+38 -3.4028234663852885981e+38 -3.4028234663852885981e+38 -3.4028234663852885981e+38 -3.4028234663852885981e+38 -3.4028234663852885981e+38 -3.4028234663852885981e+38 -3.4028234663852885981e+38 -3.4028234663852885981e+38 -3.4028234663852885981e+38 -3.4028234663852885981e+38 -3.4028234663852885981e+38 -26 -26 -26 -26 -23 -23 -23 -23 -23 -23 -23 -23 -25 -25 -25 -25 -30 -30 -30 -30 -35 -35 -35 -35 -41 -41 -41 -41 -47 -47 -47 -47 -52 -52
-35 -35 -35 -35 -24 -24 -24 -24 -15 -15 -15 -15 -24 -24 -24 -24 -36 -36 -36 -36 -47 -47 -47 -47 -46 -46 -46 -46 -42 -42 -42 -42 -3.4028234663852885981e+38 -3.4028234663852885981e+38 -3.4028234663852885981e+38 -3.4028234663852885981e+38 -3.4028234663852885981e+38 -3.4028234663852885981e+38 -3.4028234663852885981e+38 -3.4028234663852885981e+38 -3.4028234663852885981e+38 -3.4028234663852885981e+38 -3.4028234663852885981e+38 -3.4028234663852885981e+38 -26 -26 -26 -26 -23 -23 -23 -23 -23 -23 -23 -23 -25 -25 -25 -25 -30 -30 -30 -30 -35 -35 -35 -35 -41 -41 -41 -41 -47 -47 -47 -47 -52 -52
-35 -35 -35 -35 -24 -24 -24 -24 -15 -15 -15 -15 -24 -24 -24 -24 -36 -36 -36 -36 -47 -47 -47 -47 -46 -46 -46 -46 -42 -42 -42 -42 -3.4028234663852885981e+38 -3.4028234663852885981e+38 -3.4028234663852885981e+38 -3.4028234663852885981e+38 -3.4028234663852885981e+38 -3.4028234663852885981e+38 -3.4028234663852885981e+38 -3.4028234663852885981e+38 -3.4028234663852885981e+38 -3.4028234663852885981e+38 -3.4028234663852885981e+38 -3.4028234663852885981e+38 -26 -26 -26 -26 -23 -23 -23 -23 -23 -23 -23 -23 -25 -25 -25 -25 -30 -30 -30 -30 -35 -35 -35 -35 -41 -41 -41 -41 -47 -47 -47 -47 -52 -52
-35 -35 -35 -35 -24 -24 -24 -24 -15 -15 -15 -15 -24 -24 -24 -24 -36 -36 -36 -36 -47 -47 -47 -47 -46 -46 -46 -46 -42 -42 -42 -42 -3.4028234663852885981e+38 -3.4028234663852885981e+38 -3.4028234663852885981e+38 -3.4028234663852885981e+38 -3.4028234663852885981e+38 -3.4028234663852885981e+38 -3.4028234663852885981e+38 -3.4028234663852885981e+38 -3.4028234663852885981e+38 -3.4028234663852885981e+38 -3.4028234663852885981e+38 -3.4028234663852885981e+38 -26 -26 -26 -26 -23 -23 -23 -23 -23 -23 -23 -23 -25 -25 -25 -25 -30 -30 -30 -30 -35 -35 -35 -35 -41 -41 -41 -41 -47 -47 -47 -47 -52 -52
-26 -26 -26 -26 -17 -17 -17 -17 -14 -14 -14 -14 -19 -19 -19 -19 -30 -30 -30 -30 -39 -39 -39 -39 -40 -40 -40 -40 -38 -38 -38 -38 -36 -36 -36 -36 -3.4028234663852885981e+38 -3.4028234663852885981e+38 -3.4028234663852885981e+38 -3.4028234663852885981e+38 -3.4028234663852885981e+38 -3.4028234663852885981e+38 -3.4028234663852885981e+38 -3.4028234663852885981e+38 -25 -25 -25 -25 -22 -22 -22 -22 -23 -23 -23 -23 -28 -28 -28 -28 -35 -35 -35 -35 -43 -43 -43 -43 -50 -50 -50 -50 -57 -57 -57 -57 -62 -62
-26 -26 -26 -26 -17 -17 -17 -17 -14 -14 -14 -14 -19 -19 -19 -19 -30 -30 -30 -30 -39 -39 -39 -39 -40 -40 -40 -40 -38 -38 -38 -38 -36 -36 -36 -36 -3.4028234663852885981e+38 -3.4028234663852885981e+38 -3.4028234663852885981e+38 -3.4028234663852885981e+38 -3.4028234663852885981e+38 -3.4028234663852885981e+38 -3.4028234663852885981e+38 -3.4028234663852885981e+38 -25 -25 -25 -25 -22 -22 -22 -22 -23 -23 -23 -23 -28 -28 -28 -28 -35 -35 -35 -35 -43 -43 -43 -43 -50 -50 -50 -50 -57 -57 -57 -57 -62 -62
-26 -26 -26 -26 -17 -17 -17 -17 -14 -14 -14 -14 -19 -19 -19 -19 -30 -30 -30 -30 -39 -39 -39 -39 -40 -40 -40 -40 -38 -38 -38 -38 -36 -36 -36 -36 -3.4028234663852885981e+38 -3.4028234663852885981e+38 -3.4028234663852885981e+38 -3.4028234663852885981e+38 -3.4028234663852885981e+38 -3.4028234663852885981e+38 -3.4028234663852885981e+38 -3.4028234663852885981e+38 -25 -25 -25 -25 -22 -22 -22 -22 -23 -23 -23 -23 -28 -28 -28 -28 -35 -35 -35 -35 -43 -43 -43 -43 -50 -50 -50 -50 -57 -57 -57 -57 -62 -62
-26 -26 -26 -26 -17 -17 -17 -17 -14 -14 -14 -14 -19 -19 -19 -19 -30 -30 -30 -30 -39 -39 -39 -39 -40 -40 -40 -40 -38 -38 -38 -38 -36 -36 -36 -36 -3.4028234663852885981e+38 -3.4028234663852885981e+38 -3.4028234663852885981e+38 -3.4028234663852885981e+38 -3.4028234663852885981e+38 -3.4028234663852885981e+38 -3.4028234663852885981e+38 -3.4028234663852885981e+38 -25 -25 -25 -25 -22 -22 -22 -22 -23 -23 -23 -23 -28 -28 -28 -28 -35 -35 -35 -35 -43 -43 -43 -43 -50 -50 -50 -50 -57 -57 -57 -57 -62 -62
-20 -20 -20 -20 -15 -15 -15 -15 -13 -13 -13 -13 -17 -17 -17 -17 -24 -24 -24 -24 -30 -30 -30 -30 -33 -33 -33 -33 -35 -35 -35 -35 -35 -35 -35 -35 -3.4028234663852885981e+38 -3.4028234663852885981e+38 -3.4028234663852885981e+38 -3.4028234663852885981e+38 -3.4028234663852885981e+38 -3.4028234663852885981e+38 -3.4028234663852885981e+38 -3.4028234663852885981e+38 -3.4028234663852885981e+38 -3.4028234663852885981e+38 -3.4028234663852885981e+38 -3.4028234663852885981e+38 -23 -23 -23 -23 -24 -24 -24 -24 -33 -33 -33 -33 -43 -43 -43 -43 -52 -52 -52 -52 -61 -61 -61 -61 -68 -68 -68 -68 -73 -73
-20 -20 -20 -20 -15 -15 -15 -15 -13 -13 -13 -13 -17 -17 -17 -17 -24 -24 -24 -24 -30 -30 -30 -30 -33 -33 -33 -33 -35 -35 -35 -35 -35 -35 -35 -35 -3.4028234663852885981e+38 -3.4028234663852885981e+38 -3.4028234663852885981e+38 -3.4028234663852885981e+38 -3.4028234663852885981e+38 -3.4028234663852885981e+38 -3.4028234663852885981e+38 -3.4028234663852885981e+38 -3.4028234663852885981e+38 -3.4028234663852885981e+38 -3.4028234663852885981e+38 -3.4028234663852885981e+38 -23 -23 -23 -23 -24 -24 -24 -24 -33 -33 -33 -33 -43 -43 -43 -43 -52 -52 -52 -52 -61 -61 -61 -61 -68 -68 -68 -68 -73 -73
-20 -20 -20 -20 -15 -15 -15 -15 -13 -13 -13 -13 -17 -17 -17 -17 -24 -24 -24 -24 -30 -30 -30 -30 -33 -33 -33 -33 -35 -35 -35 -35 -35 -35 -35 -35 -3.4028234663852885981e+38 -3.4028234663852885981e+38 -3.4028234663852885981e+38 -3.4028234663852885981e+38 -3.4028234663852885981e+38 -3.4028234663852885981e+38 -3.4028234663852885981e+38 -3.4028234663852885981e+38 -3.4028234663852885981e+38 -3.4028234663852885981e+38 -3.4028234663852885981e+38 -3.4028234663852885981e+38 -23 -23 -23 -23 -24 -24 -24 -24 -33 -33 -33 -33 -43 -43 -43 -43 -52 -52 -52 -52 -61 -61 -61 -61 -68 -68 -68 -68 -73 -73
-20 -20 -20 -20 -15 -15 -15 -15 -13 -13 -13 -13 -17 -17 -17 -17 -24 -24 -24 -24 -30 -30 -30 -30 -33 -33 -33 -33 -35 -35 -35 -35 -35 -35 -35 -35 -3.4028234663852885981e+38 -3.4028234663852885981e+38 -3.4028234663852885981e+38 -3.4028234663852885981e+38 -3.4028234663852885981e+38 -3.4028234663852885981e+38 -3.4028234663852885981e+38 -3.4028234663852885981e+38 -3.4028234663852885981e+38 -3.4028234663852885981e+38 -3.4028234663852885981e+38 -3.4028234663852885981e+38 -23 -23 -23 -23 -24 -24 -24 -24 -33 -33 -33 -33 -43 -43 -43 -43 -52 -52 -52 -52 -61 -61 -61 -61 -68 -68 -68 -68 -73 -73
-18 -18 -18 -18 -15 -15 -15 -15 -14 -14 -14 -14 -16 -16 -16 -16 -20 -20 -20 -20 -25 -25 -25 -25 -29 -29 -29 -29 -34 -34 -34 -34 -38 -38 -38 -38 -40 -40 -40 -40 -3.4028234663852885981e+38 -3.4028234663852885981e+38 -3.4028234663852885981e+38 -3.4028234663852885981e+38 -3.4028234663852885981e+38 -3.4028234663852885981e+38 -3.4028234663852885981e+38 -3.4028234663852885981e+38 -32 -32 -32 -32 -33 -33 -33 -33 -43 -43 -43 -43 -54 -54 -54 -54 -63 -63 -63 -63 -72 -72 -72 -72 -80 -80 -80 -80 -86 -86
-18 -18 -18 -18 -15 -15 -15 -15 -14 -14 -14 -14 -16 -16 -16 -16 -20 -20 -20 -20 -25 -25 -25 -25 -29 -29 -29 -29 -34 -34 -34 -34 -38 -38 -38 -38 -40 -40 -40 -40 -3.4028234663852885981e+38 -3.4028234663852885981e+38 -3.4028234663852885981e+38 -3.4028234663852885981e+38 -3.4028234663852885981e+38 -3.4028234663852885981e+38 -3.4028234663852885981e+38 -3.4028234663852885981e+38 -32 -32 -32 -32 -33 -33 -33 -33 -43 -43 -43 -43 -54 -54 -54 -54 -63 -63 -63 -63 -72 -72 -72 -72 -80 -80 -80 -80 -86 -86
-18 -18 -18 -18 -15 -15 -15 -15 -14 -14 -14 -14 -16 -16 -16 -16 -20 -20 -20 -20 -25 -25 -25 -25 -29 -29 -29 -29 -34 -34 -34 -34 -38 -38 -38 -38 -40 -40 -40 -40 -3.4028234663852885981e+38 -3.4028234663852885981e+38 -3.4028234663852885981e+38 -3.4028234663852885981e+38 -3.4028234663852885981e+38 -3.4028234663852885981e+38 -3.4028234663852885981e+38 -3.4028234663852885981e+38 -32 -32 -32 -32 -33 -33 -33 -33 -43 -43 -43 -43 -54 -54 -54 -54 -63 -63 -63 -63 -72 -72 -72 -72 -80 -80 -80 -80 -86 -86
-18 -18 -18 -18 -15 -15 -15 -15 -14 -14 -14 -14 -16 -16 -16 -16 -20 -20 -20 -20 -25 -25 -25 -25 -29 -29 -29 -29 -34 -34 -34 -34 -38 -38 -38 -38 -40 -40 -40 -40 -3.4028234663852885981e+38 -3.4028234663852885981e+38 -3.4028234663852885981e+38 -3.4028234663852885981e+38 -3.4028234663852885981e+38 -3.4028234663852885981e+38 -3.4028234663852885981e+38 -3.4028234663852885981e+38 -32 -32 -32 -32 -33 -33 -33 -33 -43 -43 -43 -43 -54 -54 -54 -54 -63 -63 -63 -63 -72 -72 -72 -72 -80 -80 -80 -80 -86 -86
-24 -24 -24 -24 -20 -20 -20 -20 -17 -17 -17 -17 -16 -16 -16 -16 -21 -21 -21 -21 -27 -27 -27 -27 -31 -31 -31 -31 -38 -38 -38 -38 -45 -45 -45 -45 -49 -49 -49 -49 -3.4028234663852885981e+38 -3.4028234663852885981e+38 -3.4028234663852885981e+38 -3.4028234663852885981e+38 -3.4028234663852885981e+38 -3.4028234663852885981e+38 -3.4028234663852885981e+38 -3.4028234663852885981e+38 -3.4028234663852885981e+38 -3.4028234663852885981e+38 -3.4028234663852885981e+38 -3.4028234663852885981e+38 -52 -52 -52 -52 -59 -59 -59 -59 -67 -67 -67 -67 -75 -75 -75 -75 -82 -82 -82 -82 -90 -90 -90 -90 -97 -97
-24 -24 -24 -24 -20 -20 -20 -20 -17 -17 -17 -17 -16 -16 -16 -16 -21 -21 -21 -21 -27 -27 -27 -27 -31 -31 -31 -31 -38 -38 -38 -38 -45 -45 -45 -45 -49 -49 -49 -49 -3.4028234663852885981e+38 -3.4028234663852885981e+38 -3.4028234663852885981e+38 -3.4028234663852885981e+38 -3.4028234663852885981e+38 -3.4028234663852885981e+38 -3.4028234663852885981e+38 -3.4028234663852885981e+38 -3.4028234663852885981e+38 -3.4028234663852885981e+38 -3.4028234663852885981e+38 -3.4028234663852885981e+38 -52 -52 -52 -52 -59 -59 -59 -59 -67 -67 -67 -67 -75 -75 -75 -75 -82 -82 -82 -82 -90 -90 -90 -90 -97 -97
-24 -24 -24 -24 -20 -20 -20 -20 -17 -17 -17 -17 -16 -16 -16 -16 -21 -21 -21 -21 -27 -27 -27 -27 -31 -31 -31 -31 -38 -38 -38 -38 -45 -45 -45 -45 -49 -49 -49 -49 -3.4028234663852885981e+38 -3.4028234663852885981e+38 -3.4028234663852885981e+38 -3.4028234663852885981e+38 -3.4028234663852885981e+38 -3.4028234663852885981e+38 -3.4028234663852885981e+38 -3.4028234663852885981e+38 -3.4028234663852885981e+38 -3.4028234663852885981e+38 -3.4028234663852885981e+38 -3.4028234663852885981e+38 -52 -52 -52 -52 -59 -59 -59 -59 -67 -67 -67 -67 -75 -75 -75 -75 -82 -82 -82 -82 -90 -90 -90 -90 -97 -97
-24 -24 -24 -24 -20 -20 -20 -20 -17 -17 -17 -17 -16 -16 -16 -16 -21 -21 -21 -21 -27 -27 -27 -27 -31 -31 -31 -31 -38 -38 -38 -38 -45 -45 -45 -45 -49 -49 -49 -49 -3.4028234663852885981e+38 -3.4028234663852885981e+38 -3.4028234663852885981e+38 -3.4028234663852885981e+38 -3.4028234663852885981e+38 -3.4028234663852885981e+38 -3.4028234663852885981e+38 -3.4028234663852885981e+38 -3.4028234663852885981e+38 -3.4028234663852885981e+38 -3.4028234663852885981e+38 -3.4028234663852885981e+38 -52 -52 -52 -52 -59 -59 -59 -59 -67 -67 -67 -67 -75 -75 -75 -75 -82 -82 -82 -82 -90 -90 -90 -90 -97 -97
-34 -34 -34 -34 -29 -29 -29 -29 -25 -25 -25 -25 -21 -21 -21 -21 -27 -27 -27 -27 -35 -35 -35 -35 -42 -42 -42 -42 -51 -51 -51 -51 -58 -58 -58 -58 -63 -63 -63 -63 -3.4028234663852885981e+38 -3.4028234663852885981e+38 -3.4028234663852885981e+38 -3.4028234663852885981e+38 -3.4028234663852885981e+38 -3.4028234663852885981e+38 -3.4028234663852885981e+38 -3.4028234663852885981e+38 -3.4028234663852885981e+38 -3.4028234663852885981e+38 -3.4028234663852885981e+38 -3.4028234663852885981e+38 -72 -72 -72 -72 -3.4028234663852885981e+38 -3.4028234663852885981e+38 -3.4028234663852885981e+38 -3.4028234663852885981e+38 -3.4028234663852885981e+38 -3.4028234663852885981e+38 -3.4028234663852885981e+38 -3.4028234663852885981e+38 -3.4028234663852885981e+38 -3.4028234663852885981e+38 -3.4028234663852885981e+38 -3.4028234663852885981e+38 -3.4028234663852885981e+38 -3.4028234663852885981e+38 -3.4028234663852885981e+38 -3.4028234663852885981e+38 -3.4028234663852885981e+38 -3.4028234663852885981e+38 -3.4028234663852885981e+38 -3.4028234663852885981e+38 -3.4028234663852885981e+38 -3.4028234663852885981e+38
-34 -34 -34 -34 -29 -29 -29 -29 -25 -25 -25 -25 -21 -21 -21 -21 -27 -27 -27 -27 -35 -35 -35 -35 -42 -42 -42 -42 -51 -51 -51 -51 -58 -58 -58 -58 -63 -63 -63 -63 -3.4028234663852885981e+38 -3.4028234663852885981e+38 -3.4028234663852885981e+38 -3.4028234663852885981e+38 -3.4028234663852885981e+38 -3.4028234663852885981e+38 -3.4028234663852885981e+38 -3.4028234663852885981e+38 -3.4028234663852885981e+38 -3.4028234663852885981e+38 -3.4028234663852885981e+38 -3.4028234663852885981e+38 -72 -72 -72 -72 -3.4028234663852885981e+38 -3.4028234663852885981e+38 -3.4028234663852885981e+38 -3.4028234663852885981e+38 -3.4028234663852885981e+38 -3.4028234663852885981e+38 -3.4028234663852885981e+38 -3.4028234663852885981e+38 -3.4028234663852885981e+38 -3.4028234663852885981e+38 -3.4028234663852885981e+38 -3.4028234663852885981e+38 -3.4028234663852885981e+38 -3.4028234663852885981e+38 -3.4028234663852885981e+38 -3.4028234663852885981e+38 -3.4028234663852885981e+38 -3.4028234663852885981e+38 -3.4028234663852885981e+38 -3.4028234663852885981e+38 -3.4028234663852885981e+38 -3.4028234663852885981e+38
