testcase/zwarte_beek/input/mlw.asc
ncols        188
nrows        84
xllcorner    216580.000000000000
yllcorner    198160.000000000000
cellsize     5.000000000000
NODATA_value -3.4028234663852885981e+38
[rows 0 to 34 of 84, columns 78 to 155 of 188]
-3.4028234663852885981e+38 -3.4028234663852885981e+38 -3.4028234663852885981e+38 -3.4028234663852885981e+38 -3.4028234663852885981e+38 -3.4028234663852885981e+38 -3.4028234663852885981e+38 -3.4028234663852885981e+38 -3.4028234663852885981e+38 -3.4028234663852885981e+38 -3.4028234663852885981e+38 -3.4028234663852885981e+38 -3.4028234663852885981e+38 -3.4028234663852885981e+38 -3.4028234663852885981e+38 -3.4028234663852885981e+38 -3.4028234663852885981e+38 -3.4028234663852885981e+38 -3.4028234663852885981e+38 -3.4028234663852885981e+38 -3.4028234663852885981e+38 -3.4028234663852885981e+38 -3.4028234663852885981e+38 -3.4028234663852885981e+38 -3.4028234663852885981e+38 -3.4028234663852885981e+38 -3.4028234663852885981e+38 -3.4028234663852885981e+38 -3.4028234663852885981e+38 -3.4028234663852885981e+38 -3.4028234663852885981e+38 -3.4028234663852885981e+38 -3.4028234663852885981e+38 -3.4028234663852885981e+38 -3.4028234663852885981e+38 -3.4028234663852885981e+38 -3.4028234663852885981e+38 -3.4028234663852885981e+38 -3.4028234663852885981e+38 -3.4028234663852885981e+38 -3.4028234663852885981e+38 -3.4028234663852885981e+38 -3.4028234663852885981e+38 -3.4028234663852885981e+38 -3.4028234663852885981e+38 -3.4028234663852885981e+38 -3.4028234663852885981e+38 -3.4028234663852885981e+38 -3.4028234663852885981e+38 -3.4028234663852885981e+38 -56 -56 -56 -56 -61 -61 -61 -61 -64 -64 -64 -64 -66 -66 -66 -66 -67 -67 -67 -67 -69 -69 -69 -69 -71 -71 -71 -71
-3.4028234663852885981e+38 -3.4028234663852885981e+38 -3.4028234663852885981e+38 -3.4028234663852885981e+38 -3.4028234663852885981e+38 -3.4028234663852885981e+38 -3.4028234663852885981e+38 -3.4028234663852885981e+38 -3.4028234663852885981e+38 -3.4028234663852885981e+38 -3.4028234663852885981e+38 -3.4028234663852885981e+38 -3.4028234663852885981e+38 -3.4028234663852885981e+38 -3.4028234663852885981e+38 -3.4028234663852885981e+38 -3.4028234663852885981e+38 -3.4028234663852885981e+38 -3.4028234663852885981e+38 -3.4028234663852885981e+38 -3.4028234663852885981e+38 -3.4028234663852885981e+38 -3.4028234663852885981e+38 -3.4028234663852885981e+38 -3.4028234663852885981e+38 -3.4028234663852885981e+38 -3.4028234663852885981e+38 -3.4028234663852885981e+38 -3.4028234663852885981e+38 -3.4028234663852885981e+38 -3.4028234663852885981e+38 -3.4028234663852885981e+38 -3.4028234663852885981e+38 -3.4028234663852885981e+38 -3.4028234663852885981e+38 -3.4028234663852885981e+38 -3.4028234663852885981e+38 -3.4028234663852885981e+38 -3.4028234663852885981e+38 -3.4028234663852885981e+38 -3.4028234663852885981e+38 -3.4028234663852885981e+38 -3.4028234663852885981e+38 -3.4028234663852885981e+38 -3.4028234663852885981e+38 -3.4028234663852885981e+38 -3.4028234663852885981e+38 -3.4028234663852885981e+38 -3.4028234663852885981e+38 -3.4028234663852885981e+38 -56 -56 -56 -56 -61 -61 -61 -61 -64 -64 -64 -64 -66 -66 -66 -66 -67 -67 -67 -67 -69 -69 -69 -69 -71 -71 -71 -71
-3.4028234663852885981e+38 -3.4028234663852885981e+38 -3.4028234663852885981e+38 -3.4028234663852885981e+38 -3.4028234663852885981e+38 -3.4028234663852885981e+38 -3.4028234663852885981e+38 -3.4028234663852885981e+38 -3.4028234663852885981e+38 -3.4028234663852885981e+38 -3.4028234663852885981e+38 -3.4028234663852885981e+38 -3.4028234663852885981e+38 -3.4028234663852885981e+38 -3.4028234663852885981e+38 -3.4028234663852885981e+38 -3.4028234663852885981e+38 -3.4028234663852885981e+38 -3.4028234663852885981e+38 -3.4028234663852885981e+38 -3.4028234663852885981e+38 -3.4028234663852885981e+38 -3.4028234663852885981e+38 -3.4028234663852885981e+38 -3.4028234663852885981e+38 -3.4028234663852885981e+38 -3.4028234663852885981e+38 -3.4028234663852885981e+38 -3.4028234663852885981e+38 -3.4028234663852885981e+38 -3.4028234663852885981e+38 -3.4028234663852885981e+38 -3.4028234663852885981e+38 -3.4028234663852885981e+38 -3.4028234663852885981e+38 -3.4028234663852885981e+38 -3.4028234663852885981e+38 -3.4028234663852885981e+38 -3.4028234663852885981e+38 -3.4028234663852885981e+38 -3.4028234663852885981e+38 -3.4028234663852885981e+38 -3.4028234663852885981e+38 -3.4028234663852885981e+38 -3.4028234663852885981e+38 -3.4028234663852885981e+38 -3.4028234663852885981e+38 -3.4028234663852885981e+38 -3.4028234663852885981e+38 -3.4028234663852885981e+38 -56 -56 -56 -56 -61 -61 -61 -61 -64 -64 -64 -64 -66 -66 -66 -66 -67 -67 -67 -67 -69 -69 -69 -69 -71 -71 -71 -71
-3.4028234663852885981e+38 -3.4028234663852885981e+38 -3.4028234663852885981e+38 -3.4028234663852885981e+38 -3.4028234663852885981e+38 -3.4028234663852885981e+38 -3.4028234663852885981e+38 -3.4028234663852885981e+38 -3.4028234663852885981e+38 -3.4028234663852885981e+38 -3.4028234663852885981e+38 -3.4028234663852885981e+38 -3.4028234663852885981e+38 -3.4028234663852885981e+38 -3.4028234663852885981e+38 -3.4028234663852885981e+38 -3.4028234663852885981e+38 -3.4028234663852885981e+38 -3.4028234663852885981e+38 -3.4028234663852885981e+38 -3.4028234663852885981e+38 -3.4028234663852885981e+38 -3.4028234663852885981e+38 -3.4028234663852885981e+38 -3.4028234663852885981e+38 -3.4028234663852885981e+38 -3.4028234663852885981e+38 -3.4028234663852885981e+38 -3.4028234663852885981e+38 -3.4028234663852885981e+38 -3.4028234663852885981e+38 -3.4028234663852885981e+38 -3.4028234663852885981e+38 -3.4028234663852885981e+38 -3.4028234663852885981e+38 -3.4028234663852885981e+38 -3.4028234663852885981e+38 -3.4028234663852885981e+38 -3.4028234663852885981e+38 -3.4028234663852885981e+38 -3.4028234663852885981e+38 -3.4028234663852885981e+38 -3.4028234663852885981e+38 -3.4028234663852885981e+38 -3.4028234663852885981e+38 -3.4028234663852885981e+38 -3.4028234663852885981e+38 -3.4028234663852885981e+38 -3.4028234663852885981e+38 -3.4028234663852885981e+38 -56 -56 -56 -56 -61 -61 -61 -61 -64 -64 -64 -64 -66 -66 -66 -66 -67 -67 -67 -67 -69 -69 -69 -69 -71 -71 -71 -71
-74 -74 -69 -69 -69 -69 -66 -66 -66 -66 -62 -62 -62 -62 -59 -59 -59 -59 -55 -55 -55 -55 -51 -51 -51 -51 -48 -48 -48 -48 -44 -44 -44 -44 -41 -41 -41 -41 -41 -41 -41 -41 -43 -43 -43 -43 -45 -45 -45 -45 -49 -49 -49 -49 -54 -54 -54 -54 -59 -59 -59 -59 -60 -60 -60 -60 -61 -61 -61 -61 -64 -64 -64 -64 -68 -68 -68 -68
-74 -74 -69 -69 -69 -69 -66 -66 -66 -66 -62 -62 -62 -62 -59 -59 -59 -59 -55 -55 -55 -55 -51 -51 -51 -51 -48 -48 -48 -48 -44 -44 -44 -44 -41 -41 -41 -41 -41 -41 -41 -41 -43 -43 -43 -43 -45 -45 -45 -45 -49 -49 -49 -49 -54 -54 -54 -54 -59 -59 -59 -59 -60 -60 -60 -60 -61 -61 -61 -61 -64 -64 -64 -64 -68 -68 -68 -68
-74 -74 -69 -69 -69 -69 -66 -66 -66 -66 -62 -62 -62 -62 -59 -59 -59 -59 -55 -55 -55 -55 -51 -51 -51 -51 -48 -48 -48 -48 -44 -44 -44 -44 -41 -41 -41 -41 -41 -41 -41 -41 -43 -43 -43 -43 -45 -45 -45 -45 -49 -49 -49 -49 -54 -54 -54 -54 -59 -59 -59 -59 -60 -60 -60 -60 -61 -61 -61 -61 -64 -64 -64 -64 -68 -68 -68 -68
-74 -74 -69 -69 -69 -69 -66 -66 -66 -66 -62 -62 -62 -62 -59 -59 -59 -59 -55 -55 -55 -55 -51 -51 -51 -51 -48 -48 -48 -48 -44 -44 -44 -44 -41 -41 -41 -41 -41 -41 -41 -41 -43 -43 -43 -43 -45 -45 -45 -45 -49 -49 -49 -49 -54 -54 -54 -54 -59 -59 -59 -59 -60 -60 -60 -60 -61 -61 -61 -61 -64 -64 -64 -64 -68 -68 -68 -68
-66 -66 -63 -63 -63 -63 -60 -60 -60 -60 -58 -58 -58 -58 -55 -55 -55 -55 -51 -51 -51 -51 -47 -47 -47 -47 -43 -43 -43 -43 -39 -39 -39 -39 -35 -35 -35 -35 -34 -34 -34 -34 -35 -35 -35 -35 -38 -38 -38 -38 -41 -41 -41 -41 -45 -45 -45 -45 -49 -49 -49 -49 -51 -51 -51 -51 -53 -53 -53 -53 -55 -55 -55 -55 -58 -58 -58 -58
-66 -66 -63 -63 -63 -63 -60 -60 -60 -60 -58 -58 -58 -58 -55 -55 -55 -55 -51 -51 -51 -51 -47 -47 -47 -47 -43 -43 -43 -43 -39 -39 -39 -39 -35 -35 -35 -35 -34 -34 -34 -34 -35 -35 -35 -35 -38 -38 -38 -38 -41 -41 -41 -41 -45 -45 -45 -45 -49 -49 -49 -49 -51 -51 -51 -51 -53 -53 -53 -53 -55 -55 -55 -55 -58 -58 -58 -58
-66 -66 -63 -63 -63 -63 -60 -60 -60 -60 -58 -58 -58 -58 -55 -55 -55 -55 -51 -51 -51 -51 -47 -47 -47 -47 -43 -43 -43 -43 -39 -39 -39 -39 -35 -35 -35 -35 -34 -34 -34 -34 -35 -35 -35 -35 -38 -38 -38 -38 -41 -41 -41 -41 -45 -45 -45 -45 -49 -49 -49 -49 -51 -51 -51 -51 -53 -53 -53 -53 -55 -55 -55 -55 -58 -58 -58 -58
-66 -66 -63 -63 -63 -63 -60 -60 -60 -60 -58 -58 -58 -58 -55 -55 -55 -55 -51 -51 -51 -51 -47 -47 -47 -47 -43 -43 -43 -43 -39 -39 -39 -39 -35 -35 -35 -35 -34 -34 -34 -34 -35 -35 -35 -35 -38 -38 -38 -38 -41 -41 -41 -41 -45 -45 -45 -45 -49 -49 -49 -49 -51 -51 -51 -51 -53 -53 -53 -53 -55 -55 -55 -55 -58 -58 -58 -58
-58 -58 -57 -57 -57 -57 -55 -55 -55 -55 -54 -54 -54 -54 -51 -51 -51 -51 -48 -48 -48 -48 -44 -44 -44 -44 -39 -39 -39 -39 -34 -34 -34 -34 -31 -31 -31 -31 -28 -28 -28 -28 -28 -28 -28 -28 -30 -30 -30 -30 -32 -32 -32 -32 -35 -35 -35 -35 -38 -38 -38 -38 -40 -40 -40 -40 -42 -42 -42 -42 -44 -44 -44 -44 -45 -45 -45 -45
-58 -58 -57 -57 -57 -57 -55 -55 -55 -55 -54 -54 -54 -54 -51 -51 -51 -51 -48 -48 -48 -48 -44 -44 -44 -44 -39 -39 -39 -39 -34 -34 -34 -34 -31 -31 -31 -31 -28 -28 -28 -28 -28 -28 -28 -28 -30 -30 -30 -30 -32 -32 -32 -32 -35 -35 -35 -35 -38 -38 -38 -38 -40 -40 -40 -40 -42 -42 -42 -42 -44 -44 -44 -44 -45 -45 -45 -45
-58 -58 -57 -57 -57 -57 -55 -55 -55 -55 -54 -54 -54 -54 -51 -51 -51 -51 -48 -48 -48 -48 -44 -44 -44 -44 -39 -39 -39 -39 -34 -34 -34 -34 -31 -31 -31 -31 -28 -28 -28 -28 -28 -28 -28 -28 -30 -30 -30 -30 -32 -32 -32 -32 -35 -35 -35 -35 -38 -38 -38 -38 -40 -40 -40 -40 -42 -42 -42 -42 -44 -44 -44 -44 -45 -45 -45 -45
-58 -58 -57 -57 -57 -57 -55 -55 -55 -55 -54 -54 -54 -54 -51 -51 -51 -51 -48 -48 -48 -48 -44 -44 -44 -44 -39 -39 -39 -39 -34 -34 -34 -34 -31 -31 -31 -31 -28 -28 -28 -28 -28 -28 -28 -28 -30 -30 -30 -30 -32 -32 -32 -32 -35 -35 -35 -35 -38 -38 -38 -38 -40 -40 -40 -40 -42 -42 -42 -42 -44 -44 -44 -44 -45 -45 -45 -45
-50 -50 -50 -50 -50 -50 -51 -51 -51 -51 -51 -51 -51 -51 -49 -49 -49 -49 -46 -46 -46 -46 -42 -42 -42 -42 -36 -36 -36 -36 -31 -31 -31 -31 -26 -26 -26 -26 -22 -22 -22 -22 -21 -21 -21 -21 -21 -21 -21 -21 -23 -23 -23 -23 -25 -25 -25 -25 -28 -28 -28 -28 -29 -29 -29 -29 -31 -31 -31 -31 -32 -32 -32 -32 -33 -33 -33 -33
-50 -50 -50 -50 -50 -50 -51 -51 -51 -51 -51 -51 -51 -51 -49 -49 -49 -49 -46 -46 -46 -46 -42 -42 -42 -42 -36 -36 -36 -36 -31 -31 -31 -31 -26 -26 -26 -26 -22 -22 -22 -22 -21 -21 -21 -21 -21 -21 -21 -21 -23 -23 -23 -23 -25 -25 -25 -25 -28 -28 -28 -28 -29 -29 -29 -29 -31 -31 -31 -31 -32 -32 -32 -32 -33 -33 -33 -33
-50 -50 -50 -50 -50 -50 -51 -51 -51 -51 -51 -51 -51 -51 -49 -49 -49 -49 -46 -46 -46 -46 -42 -42 -42 -42 -36 -36 -36 -36 -31 -31 -31 -31 -26 -26 -26 -26 -22 -22 -22 -22 -21 -21 -21 -21 -21 -21 -21 -21 -23 -23 -23 -23 -25 -25 -25 -25 -28 -28 -28 -28 -29 -29 -29 -29 -31 -31 -31 -31 -32 -32 -32 -32 -33 -33 -33 -33
-50 -50 -50 -50 -50 -50 -51 -51 -51 -51 -51 -51 -51 -51 -49 -49 -49 -49 -46 -46 -46 -46 -42 -42 -42 -42 -36 -36 -36 -36 -31 -31 -31 -31 -26 -26 -26 -26 -22 -22 -22 -22 -21 -21 -21 -21 -21 -21 -21 -21 -23 -23 -23 -23 -25 -25 -25 -25 -28 -28 -28 -28 -29 -29 -29 -29 -31 -31 -31 -31 -32 -32 -32 -32 -33 -33 -33 -33
-42 -42 -45 -45 -45 -45 -47 -47 -47 -47 -49 -49 -49 -49 -48 -48 -48 -48 -46 -46 -46 -46 -40 -40 -40 -40 -34 -34 -34 -34 -28 -28 -28 -28 -21 -21 -21 -21 -3.4028234663852885981e+38 -3.4028234663852885981e+38 -3.4028234663852885981e+38 -3.4028234663852885981e+38 -3.4028234663852885981e+38 -3.4028234663852885981e+38 -3.4028234663852885981e+38 -3.4028234663852885981e+38 -14 -14 -14 -14 -15 -15 -15 -15 -17 -17 -17 -17 -19 -19 -19 -19 -20 -20 -20 -20 -21 -21 -21 -21 -22 -22 -22 -22 -22 -22 -22 -22
-42 -42 -45 -45 -45 -45 -47 -47 -47 -47 -49 -49 -49 -49 -48 -48 -48 -48 -46 -46 -46 -46 -40 -40 -40 -40 -34 -34 -34 -34 -28 -28 -28 -28 -21 -21 -21 -21 -3.4028234663852885981e+38 -3.4028234663852885981e+38 -3.4028234663852885981e+38 -3.4028234663852885981e+38 -3.4028234663852885981e+38 -3.4028234663852885981e+38 -3.4028234663852885981e+38 -3.4028234663852885981e+38 -14 -14 -14 -14 -15 -15 -15 -15 -17 -17 -17 -17 -19 -19 -19 -19 -20 -20 -20 -20 -21 -21 -21 -21 -22 -22 -22 -22 -22 -22 -22 -22
-42 -42 -45 -45 -45 -45 -47 -47 -47 -47 -49 -49 -49 -49 -48 -48 -48 -48 -46 -46 -46 -46 -40 -40 -40 -40 -34 -34 -34 -34 -28 -28 -28 -28 -21 -21 -21 -21 -3.4028234663852885981e+38 -3.4028234663852885981e+38 -3.4028234663852885981e+38 -3.4028234663852885981e+38 -3.4028234663852885981e+38 -3.4028234663852885981e+38 -3.4028234663852885981e+38 -3.4028234663852885981e+38 -14 -14 -14 -14 -15 -15 -15 -15 -17 -17 -17 -17 -19 -19 -19 -19 -20 -20 -20 -20 -21 -21 -21 -21 -22 -22 -22 -22 -22 -22 -22 -22
-42 -42 -45 -45 -45 -45 -47 -47 -47 -47 -49 -49 -49 -49 -48 -48 -48 -48 -46 -46 -46 -46 -40 -40 -40 -40 -34 -34 -34 -34 -28 -28 -28 -28 -21 -21 -21 -21 -3.4028234663852885981e+38 -3.4028234663852885981e+38 -3.4028234663852885981e+38 -3.4028234663852885981e+38 -3.4028234663852885981e+38 -3.4028234663852885981e+38 -3.4028234663852885981e+38 -3.4028234663852885981e+38 -14 -14 -14 -14 -15 -15 -15 -15 -17 -17 -17 -17 -19 -19 -19 -19 -20 -20 -20 -20 -21 -21 -21 -21 -22 -22 -22 -22 -22 -22 -22 -22
-37 -37 -41 -41 -41 -41 -45 -45 -45 -45 -48 -48 -48 -48 -49 -49 -49 -49 -47 -47 -47 -47 -41 -41 -41 -41 -33 -33 -33 -33 -26 -26 -26 -26 -3.4028234663852885981e+38 -3.4028234663852885981e+38 -3.4028234663852885981e+38 -3.4028234663852885981e+38 -3.4028234663852885981e+38 -3.4028234663852885981e+38 -3.4028234663852885981e+38 -3.4028234663852885981e+38 -3.4028234663852885981e+38 -3.4028234663852885981e+38 -3.4028234663852885981e+38 -3.4028234663852885981e+38 -8 -8 -8 -8 -10 -10 -10 -10 -11 -11 -11 -11 -12 -12 -12 -12 -12 -12 -12 -12 -12 -12 -12 -12 -13 -13 -13 -13 -14 -14 -14 -14
-37 -37 -41 -41 -41 -41 -45 -45 -45 -45 -48 -48 -48 -48 -49 -49 -49 -49 -47 -47 -47 -47 -41 -41 -41 -41 -33 -33 -33 -33 -26 -26 -26 -26 -3.4028234663852885981e+38 -3.4028234663852885981e+38 -3.4028234663852885981e+38 -3.4028234663852885981e+38 -3.4028234663852885981e+38 -3.4028234663852885981e+38 -3.4028234663852885981e+38 -3.4028234663852885981e+38 -3.4028234663852885981e+38 -3.4028234663852885981e+38 -3.4028234663852885981e+38 -3.4028234663852885981e+38 -8 -8 -8 -8 -10 -10 -10 -10 -11 -11 -11 -11 -12 -12 -12 -12 -12 -12 -12 -12 -12 -12 -12 -12 -13 -13 -13 -13 -14 -14 -14 -14
-37 -37 -41 -41 -41 -41 -45 -45 -45 -45 -48 -48 -48 -48 -49 -49 -49 -49 -47 -47 -47 -47 -41 -41 -41 -41 -33 -33 -33 -33 -26 -26 -26 -26 -3.4028234663852885981e+38 -3.4028234663852885981e+38 -3.4028234663852885981e+38 -3.4028234663852885981e+38 -3.4028234663852885981e+38 -3.4028234663852885981e+38 -3.4028234663852885981e+38 -3.4028234663852885981e+38 -3.4028234663852885981e+38 -3.4028234663852885981e+38 -3.4028234663852885981e+38 -3.4028234663852885981e+38 -8 -8 -8 -8 -10 -10 -10 -10 -11 -11 -11 -11 -12 -12 -12 -12 -12 -12 -12 -12 -12 -12 -12 -12 -13 -13 -13 -13 -14 -14 -14 -14
-37 -37 -41 -41 -41 -41 -45 -45 -45 -45 -48 -48 -48 -48 -49 -49 -49 -49 -47 -47 -47 -47 -41 -41 -41 -41 -33 -33 -33 -33 -26 -26 -26 -26 -3.4028234663852885981e+38 -3.4028234663852885981e+38 -3.4028234663852885981e+38 -3.4028234663852885981e+38 -3.4028234663852885981e+38 -3.4028234663852885981e+38 -3.4028234663852885981e+38 -3.4028234663852885981e+38 -3.4028234663852885981e+38 -3.4028234663852885981e+38 -3.4028234663852885981e+38 -3.4028234663852885981e+38 -8 -8 -8 -8 -10 -10 -10 -10 -11 -11 -11 -11 -12 -12 -12 -12 -12 -12 -12 -12 -12 -12 -12 -12 -13 -13 -13 -13 -14 -14 -14 -14
-34 -34 -39 -39 -39 -39 -43 -43 -43 -43 -47 -47 -47 -47 -49 -49 -49 -49 -47 -47 -47 -47 -41 -41 -41 -41 -33 -33 -33 -33 -25 -25 -25 -25 -3.4028234663852885981e+38 -3.4028234663852885981e+38 -3.4028234663852885981e+38 -3.4028234663852885981e+38 -3.4028234663852885981e+38 -3.4028234663852885981e+38 -3.4028234663852885981e+38 -3.4028234663852885981e+38 -3.4028234663852885981e+38 -3.4028234663852885981e+38 -3.4028234663852885981e+38 -3.4028234663852885981e+38 -6 -6 -6 -6 -8 -8 -8 -8 -9 -9 -9 -9 -9 -9 -9 -9 -7 -7 -7 -7 -6 -6 -6 -6 -7 -7 -7 -7 -9 -9 -9 -9
-34 -34 -39 -39 -39 -39 -43 -43 -43 -43 -47 -47 -47 -47 -49 -49 -49 -49 -47 -47 -47 -47 -41 -41 -41 -41 -33 -33 -33 -33 -25 -25 -25 -25 -3.4028234663852885981e+38 -3.4028234663852885981e+38 -3.4028234663852885981e+38 -3.4028234663852885981e+38 -3.4028234663852885981e+38 -3.4028234663852885981e+38 -3.4028234663852885981e+38 -3.4028234663852885981e+38 -3.4028234663852885981e+38 -3.4028234663852885981e+38 -3.4028234663852885981e+38 -3.4028234663852885981e+38 -6 -6 -6 -6 -8 -8 -8 -8 -9 -9 -9 -9 -9 -9 -9 -9 -7 -7 -7 -7 -6 -6 -6 -6 -7 -7 -7 -7 -9 -9 -9 -9
-34 -34 -39 -39 -39 -39 -43 -43 -43 -43 -47 -47 -47 -47 -49 -49 -49 -49 -47 -47 -47 -47 -41 -41 -41 -41 -33 -33 -33 -33 -25 -25 -25 -25 -3.4028234663852885981e+38 -3.4028234663852885981e+38 -3.4028234663852885981e+38 -3.4028234663852885981e+38 -3.4028234663852885981e+38 -3.4028234663852885981e+38 -3.4028234663852885981e+38 -3.4028234663852885981e+38 -3.4028234663852885981e+38 -3.4028234663852885981e+38 -3.4028234663852885981e+38 -3.4028234663852885981e+38 -6 -6 -6 -6 -8 -8 -8 -8 -9 -9 -9 -9 -9 -9 -9 -9 -7 -7 -7 -7 -6 -6 -6 -6 -7 -7 -7 -7 -9 -9 -9 -9
-34 -34 -39 -39 -39 -39 -43 -43 -43 -43 -47 -47 -47 -47 -49 -49 -49 -49 -47 -47 -47 -47 -41 -41 -41 -41 -33 -33 -33 -33 -25 -25 -25 -25 -3.4028234663852885981e+38 -3.4028234663852885981e+38 -3.4028234663852885981e+38 -3.4028234663852885981e+38 -3.4028234663852885981e+38 -3.4028234663852885981e+38 -3.4028234663852885981e+38 -3.4028234663852885981e+38 -3.4028234663852885981e+38 -3.4028234663852885981e+38 -3.4028234663852885981e+38 -3.4028234663852885981e+38 -6 -6 -6 -6 -8 -8 -8 -8 -9 -9 -9 -9 -9 -9 -9 -9 -7 -7 -7 -7 -6 -6 -6 -6 -7 -7 -7 -7 -9 -9 -9 -9
-33 -33 -38 -38 -38 -38 -43 -43 -43 -43 -47 -47 -47 -47 -49 -49 -49 -49 -48 -48 -48 -48 -42 -42 -42 -42 -35 -35 -35 -35 -27 -27 -27 -27 -3.4028234663852885981e+38 -3.4028234663852885981e+38 -3.4028234663852885981e+38 -3.4028234663852885981e+38 -3.4028234663852885981e+38 -3.4028234663852885981e+38 -3.4028234663852885981e+38 -3.4028234663852885981e+38 -3.4028234663852885981e+38 -3.4028234663852885981e+38 -3.4028234663852885981e+38 -3.4028234663852885981e+38 -8 -8 -8 -8 -11 -11 -11 -11 -12 -12 -12 -12 -11 -11 -11 -11 -7 -7 -7 -7 -2 -2 -2 -2 -4 -4 -4 -4 -8 -8 -8 -8
-33 -33 -38 -38 -38 -38 -43 -43 -43 -43 -47 -47 -47 -47 -49 -49 -49 -49 -48 -48 -48 -48 -42 -42 -42 -42 -35 -35 -35 -35 -27 -27 -27 -27 -3.4028234663852885981e+38 -3.4028234663852885981e+38 -3.4028234663852885981e+38 -3.4028234663852885981e+38 -3.4028234663852885981e+38 -3.4028234663852885981e+38 -3.4028234663852885981e+38 -3.4028234663852885981e+38 -3.4028234663852885981e+38 -3.4028234663852885981e+38 -3.4028234663852885981e+38 -3.4028234663852885981e+38 -8 -8 -8 -8 -11 -11 -11 -11 -12 -12 -12 -12 -11 -11 -11 -11 -7 -7 -7 -7 -2 -2 -2 -2 -4 -4 -4 -4 -8 -8 -8 -8
-33 -33 -38 -38 -38 -38 -43 -43 -43 -43 -47 -47 -47 -47 -49 -49 -49 -49 -48 -48 -48 -48 -42 -42 -42 -42 -35 -35 -35 -35 -27 -27 -27 -27 -3.4028234663852885981e+38 -3.4028234663852885981e+38 -3.4028234663852885981e+38 -3.4028234663852885981e+38 -3.4028234663852885981e+38 -3.4028234663852885981e+38 -3.4028234663852885981e+38 -3.4028234663852885981e+38 -3.4028234663852885981e+38 -3.4028234663852885981e+38 -3.4028234663852885981e+38 -3.4028234663852885981e+38 -8 -8 -8 -8 -11 -11 -11 -11 -12 -12 -12 -12 -11 -11 -11 -11 -7 -7 -7 -7 -2 -2 -2 -2 -4 -4 -4 -4 -8 -8 -8 -8
