testcase/zwarte_beek/input/msw.asc
ncols        188
nrows        84
xllcorner    216580.000000000000
yllcorner    198160.000000000000
cellsize     5.000000000000
NODATA_value -32768
[rows 0 to 56 of 84, columns 0 to 95 of 188]
-32768 -32768 -32768 -32768 -32768 -32768 -32768 -32768 -32768 -32768 -32768 -32768 -32768 -32768 -32768 -32768 -32768 -32768 -32768 -32768 -32768 -32768 -32768 -32768 -32768 -32768 -32768 -32768 -32768 -32768 -32768 -32768 -32768 -32768 -32768 -32768 -32768 -32768 -32768 -32768 -32768 -32768 -32768 -32768 -32768 -32768 -32768 -32768 -32768 -32768 -32768 -32768 -32768 -32768 -32768 -32768 -32768 -32768 -32768 -32768 -32768 -32768 -32768 -32768 -32768 -32768 -32768 -32768 -32768 -32768 -32768 -32768 -32768 -32768 -32768 -32768 -32768 -32768 -32768 -32768 -32768 -32768 -32768 -32768 -32768 -32768 -32768 -32768 -32768 -32768 -32768 -32768 -32768 -32768 -32768 -32768
-32768 -32768 -32768 -32768 -32768 -32768 -32768 -32768 -32768 -32768 -32768 -32768 -32768 -32768 -32768 -32768 -32768 -32768 -32768 -32768 -32768 -32768 -32768 -32768 -32768 -32768 -32768 -32768 -32768 -32768 -32768 -32768 -32768 -32768 -32768 -32768 -32768 -32768 -32768 -32768 -32768 -32768 -32768 -32768 -32768 -32768 -32768 -32768 -32768 -32768 -32768 -32768 -32768 -32768 -32768 -32768 -32768 -32768 -32768 -32768 -32768 -32768 -32768 -32768 -32768 -32768 -32768 -32768 -32768 -32768 -32768 -32768 -32768 -32768 -32768 -32768 -32768 -32768 -32768 -32768 -32768 -32768 -32768 -32768 -32768 -32768 -32768 -32768 -32768 -32768 -32768 -32768 -32768 -32768 -32768 -32768
-32768 -32768 -32768 -32768 -32768 -32768 -32768 -32768 -32768 -32768 -32768 -32768 -32768 -32768 -32768 -32768 -32768 -32768 -32768 -32768 -32768 -32768 -32768 -32768 -32768 -32768 -32768 -32768 -32768 -32768 -32768 -32768 -32768 -32768 -32768 -32768 -32768 -32768 -32768 -32768 -32768 -32768 -32768 -32768 -32768 -32768 -32768 -32768 -32768 -32768 -32768 -32768 -32768 -32768 -32768 -32768 -32768 -32768 -32768 -32768 -32768 -32768 -32768 -32768 -32768 -32768 -32768 -32768 -32768 -32768 -32768 -32768 -32768 -32768 -32768 -32768 -32768 -32768 -32768 -32768 -32768 -32768 -32768 -32768 -32768 -32768 -32768 -32768 -32768 -32768 -32768 -32768 -32768 -32768 -32768 -32768
-32768 -32768 -32768 -32768 -32768 -32768 -32768 -32768 -32768 -32768 -32768 -32768 -32768 -32768 -32768 -32768 -32768 -32768 -32768 -32768 -32768 -32768 -32768 -32768 -32768 -32768 -32768 -32768 -32768 -32768 -32768 -32768 -32768 -32768 -32768 -32768 -32768 -32768 -32768 -32768 -32768 -32768 -32768 -32768 -32768 -32768 -32768 -32768 -32768 -32768 -32768 -32768 -32768 -32768 -32768 -32768 -32768 -32768 -32768 -32768 -32768 -32768 -32768 -32768 -32768 -32768 -32768 -32768 -32768 -32768 -32768 -32768 -32768 -32768 -32768 -32768 -32768 -32768 -32768 -32768 -32768 -32768 -32768 -32768 -32768 -32768 -32768 -32768 -32768 -32768 -32768 -32768 -32768 -32768 -32768 -32768
-32768 -32768 -32768 -32768 -32768 -32768 -32768 -32768 -32768 -32768 -32768 -32768 -32768 -32768 -32768 -32768 -32768 -32768 -32768 -32768 -32768 -32768 -32768 -32768 -32768 -32768 -32768 -32768 -32768 -32768 -32768 -32768 -32768 -32768 -32768 -32768 -32768 -32768 -32768 -32768 -32768 -32768 -32768 -32768 -32768 -32768 -32768 -32768 -32768 -32768 -32768 -32768 -32768 -32768 -32768 -32768 59 59 59 59 58 58 58 58 52 52 52 52 47 47 47 47 42 42 42 42 38 38 38 38 34 34 34 34 31 31 31 31 27 27 27 27 23 23 23 23
-32768 -32768 -32768 -32768 -32768 -32768 -32768 -32768 -32768 -32768 -32768 -32768 -32768 -32768 -32768 -32768 -32768 -32768 -32768 -32768 -32768 -32768 -32768 -32768 -32768 -32768 -32768 -32768 -32768 -32768 -32768 -32768 -32768 -32768 -32768 -32768 -32768 -32768 -32768 -32768 -32768 -32768 -32768 -32768 -32768 -32768 -32768 -32768 -32768 -32768 -32768 -32768 -32768 -32768 -32768 -32768 59 59 59 59 58 58 58 58 52 52 52 52 47 47 47 47 42 42 42 42 38 38 38 38 34 34 34 34 31 31 31 31 27 27 27 27 23 23 23 23
-32768 -32768 -32768 -32768 -32768 -32768 -32768 -32768 -32768 -32768 -32768 -32768 -32768 -32768 -32768 -32768 -32768 -32768 -32768 -32768 -32768 -32768 -32768 -32768 -32768 -32768 -32768 -32768 -32768 -32768 -32768 -32768 -32768 -32768 -32768 -32768 -32768 -32768 -32768 -32768 -32768 -32768 -32768 -32768 -32768 -32768 -32768 -32768 -32768 -32768 -32768 -32768 -32768 -32768 -32768 -32768 59 59 59 59 58 58 58 58 52 52 52 52 47 47 47 47 42 42 42 42 38 38 38 38 34 34 34 34 31 31 31 31 27 27 27 27 23 23 23 23
-32768 -32768 -32768 -32768 -32768 -32768 -32768 -32768 -32768 -32768 -32768 -32768 -32768 -32768 -32768 -32768 -32768 -32768 -32768 -32768 -32768 -32768 -32768 -32768 -32768 -32768 -32768 -32768 -32768 -32768 -32768 -32768 -32768 -32768 -32768 -32768 -32768 -32768 -32768 -32768 -32768 -32768 -32768 -32768 -32768 -32768 -32768 -32768 -32768 -32768 -32768 -32768 -32768 -32768 -32768 -32768 59 59 59 59 58 58 58 58 52 52 52 52 47 47 47 47 42 42 42 42 38 38 38 38 34 34 34 34 31 31 31 31 27 27 27 27 23 23 23 23
-32768 -32768 -32768 -32768 -32768 -32768 -32768 -32768 -32768 -32768 -32768 -32768 -32768 -32768 -32768 -32768 -32768 -32768 -32768 -32768 -32768 -32768 -32768 -32768 -32768 -32768 -32768 -32768 -32768 -32768 -32768 -32768 -32768 -32768 -32768 -32768 -32768 -32768 -32768 -32768 -32768 -32768 -32768 -32768 -32768 -32768 -32768 -32768 -32768 -32768 -32768 -32768 -32768 -32768 -32768 -32768 56 56 56 56 55 55 55 55 48 48 48 48 42 42 42 42 38 38 38 38 35 35 35 35 32 32 32 32 29 29 29 29 26 26 26 26 22 22 22 22
-32768 -32768 -32768 -32768 -32768 -32768 -32768 -32768 -32768 -32768 -32768 -32768 -32768 -32768 -32768 -32768 -32768 -32768 -32768 -32768 -32768 -32768 -32768 -32768 -32768 -32768 -32768 -32768 -32768 -32768 -32768 -32768 -32768 -32768 -32768 -32768 -32768 -32768 -32768 -32768 -32768 -32768 -32768 -32768 -32768 -32768 -32768 -32768 -32768 -32768 -32768 -32768 -32768 -32768 -32768 -32768 56 56 56 56 55 55 55 55 48 48 48 48 42 42 42 42 38 38 38 38 35 35 35 35 32 32 32 32 29 29 29 29 26 26 26 26 22 22 22 22
-32768 -32768 -32768 -32768 -32768 -32768 -32768 -32768 -32768 -32768 -32768 -32768 -32768 -32768 -32768 -32768 -32768 -32768 -32768 -32768 -32768 -32768 -32768 -32768 -32768 -32768 -32768 -32768 -32768 -32768 -32768 -32768 -32768 -32768 -32768 -32768 -32768 -32768 -32768 -32768 -32768 -32768 -32768 -32768 -32768 -32768 -32768 -32768 -32768 -32768 -32768 -32768 -32768 -32768 -32768 -32768 56 56 56 56 55 55 55 55 48 48 48 48 42 42 42 42 38 38 38 38 35 35 35 35 32 32 32 32 29 29 29 29 26 26 26 26 22 22 22 22
-32768 -32768 -32768 -32768 -32768 -32768 -32768 -32768 -32768 -32768 -32768 -32768 -32768 -32768 -32768 -32768 -32768 -32768 -32768 -32768 -32768 -32768 -32768 -32768 -32768 -32768 -32768 -32768 -32768 -32768 -32768 -32768 -32768 -32768 -32768 -32768 -32768 -32768 -32768 -32768 -32768 -32768 -32768 -32768 -32768 -32768 -32768 -32768 -32768 -32768 -32768 -32768 -32768 -32768 -32768 -32768 56 56 56 56 55 55 55 55 48 48 48 48 42 42 42 42 38 38 38 38 35 35 35 35 32 32 32 32 29 29 29 29 26 26 26 26 22 22 22 22
-32768 -32768 -32768 -32768 -32768 -32768 -32768 -32768 -32768 -32768 -32768 -32768 -32768 -32768 -32768 -32768 -32768 -32768 -32768 -32768 -32768 -32768 -32768 -32768 -32768 -32768 -32768 -32768 -32768 -32768 -32768 -32768 -32768 -32768 -32768 -32768 -32768 -32768 -32768 -32768 -32768 -32768 -32768 -32768 -32768 -32768 -32768 -32768 -32768 -32768 -32768 -32768 -32768 -32768 -32768 -32768 43 43 43 43 42 42 42 42 38 38 38 38 34 34 34 34 32 32 32 32 30 30 30 30 29 29 29 29 27 27 27 27 25 25 25 25 22 22 22 22
-32768 -32768 -32768 -32768 -32768 -32768 -32768 -32768 -32768 -32768 -32768 -32768 -32768 -32768 -32768 -32768 -32768 -32768 -32768 -32768 -32768 -32768 -32768 -32768 -32768 -32768 -32768 -32768 -32768 -32768 -32768 -32768 -32768 -32768 -32768 -32768 -32768 -32768 -32768 -32768 -32768 -32768 -32768 -32768 -32768 -32768 -32768 -32768 -32768 -32768 -32768 -32768 -32768 -32768 -32768 -32768 43 43 43 43 42 42 42 42 38 38 38 38 34 34 34 34 32 32 32 32 30 30 30 30 29 29 29 29 27 27 27 27 25 25 25 25 22 22 22 22
-32768 -32768 -32768 -32768 -32768 -32768 -32768 -32768 -32768 -32768 -32768 -32768 -32768 -32768 -32768 -32768 -32768 -32768 -32768 -32768 -32768 -32768 -32768 -32768 -32768 -32768 -32768 -32768 -32768 -32768 -32768 -32768 -32768 -32768 -32768 -32768 -32768 -32768 -32768 -32768 -32768 -32768 -32768 -32768 -32768 -32768 -32768 -32768 -32768 -32768 -32768 -32768 -32768 -32768 -32768 -32768 43 43 43 43 42 42 42 42 38 38 38 38 34 34 34 34 32 32 32 32 30 30 30 30 29 29 29 29 27 27 27 27 25 25 25 25 22 22 22 22
-32768 -32768 -32768 -32768 -32768 -32768 -32768 -32768 -32768 -32768 -32768 -32768 -32768 -32768 -32768 -32768 -32768 -32768 -32768 -32768 -32768 -32768 -32768 -32768 -32768 -32768 -32768 -32768 -32768 -32768 -32768 -32768 -32768 -32768 -32768 -32768 -32768 -32768 -32768 -32768 -32768 -32768 -32768 -32768 -32768 -32768 -32768 -32768 -32768 -32768 -32768 -32768 -32768 -32768 -32768 -32768 43 43 43 43 42 42 42 42 38 38 38 38 34 34 34 34 32 32 32 32 30 30 30 30 29 29 29 29 27 27 27 27 25 25 25 25 22 22 22 22
-32768 -32768 -32768 -32768 -32768 -32768 -32768 -32768 -32768 -32768 -32768 -32768 -32768 -32768 -32768 -32768 -32768 -32768 -32768 -32768 -32768 -32768 -32768 -32768 -32768 -32768 -32768 -32768 -32768 -32768 -32768 -32768 -32768 -32768 -32768 -32768 -32768 -32768 -32768 -32768 -32768 -32768 -32768 -32768 -32768 -32768 -32768 -32768 -32768 -32768 -32768 -32768 29 29 29 29 29 29 29 29 27 27 27 27 25 25 25 25 25 25 25 25 25 25 25 25 26 26 26 26 26 26 26 26 26 26 26 26 25 25 25 25 22 22 22 22
-32768 -32768 -32768 -32768 -32768 -32768 -32768 -32768 -32768 -32768 -32768 -32768 -32768 -32768 -32768 -32768 -32768 -32768 -32768 -32768 -32768 -32768 -32768 -32768 -32768 -32768 -32768 -32768 -32768 -32768 -32768 -32768 -32768 -32768 -32768 -32768 -32768 -32768 -32768 -32768 -32768 -32768 -32768 -32768 -32768 -32768 -32768 -32768 -32768 -32768 -32768 -32768 29 29 29 29 29 29 29 29 27 27 27 27 25 25 25 25 25 25 25 25 25 25 25 25 26 26 26 26 26 26 26 26 26 26 26 26 25 25 25 25 22 22 22 22
-32768 -32768 -32768 -32768 -32768 -32768 -32768 -32768 -32768 -32768 -32768 -32768 -32768 -32768 -32768 -32768 -32768 -32768 -32768 -32768 -32768 -32768 -32768 -32768 -32768 -32768 -32768 -32768 -32768 -32768 -32768 -32768 -32768 -32768 -32768 -32768 -32768 -32768 -32768 -32768 -32768 -32768 -32768 -32768 -32768 -32768 -32768 -32768 -32768 -32768 -32768 -32768 29 29 29 29 29 29 29 29 27 27 27 27 25 25 25 25 25 25 25 25 25 25 25 25 26 26 26 26 26 26 26 26 26 26 26 26 25 25 25 25 22 22 22 22
-32768 -32768 -32768 -32768 -32768 -32768 -32768 -32768 -32768 -32768 -32768 -32768 -32768 -32768 -32768 -32768 -32768 -32768 -32768 -32768 -32768 -32768 -32768 -32768 -32768 -32768 -32768 -32768 -32768 -32768 -32768 -32768 -32768 -32768 -32768 -32768 -32768 -32768 -32768 -32768 -32768 -32768 -32768 -32768 -32768 -32768 -32768 -32768 -32768 -32768 -32768 -32768 29 29 29 29 29 29 29 29 27 27 27 27 25 25 25 25 25 25 25 25 25 25 25 25 26 26 26 26 26 26 26 26 26 26 26 26 25 25 25 25 22 22 22 22
-32768 -32768 -32768 -32768 -32768 -32768 -32768 -32768 -32768 -32768 -32768 -32768 -32768 -32768 -32768 -32768 -32768 -32768 -32768 -32768 -32768 -32768 -32768 -32768 -32768 -32768 -32768 -32768 -32768 -32768 -32768 -32768 -32768 -32768 -32768 -32768 -32768 -32768 -32768 -32768 19 19 19 19 18 18 18 18 19 19 19 19 18 18 18 18 16 16 16 16 13 13 13 13 12 12 12 12 16 16 16 16 19 19 19 19 22 22 22 22 23 23 23 23 24 24 24 24 25 25 25 25 24 24 24 24
-32768 -32768 -32768 -32768 -32768 -32768 -32768 -32768 -32768 -32768 -32768 -32768 -32768 -32768 -32768 -32768 -32768 -32768 -32768 -32768 -32768 -32768 -32768 -32768 -32768 -32768 -32768 -32768 -32768 -32768 -32768 -32768 -32768 -32768 -32768 -32768 -32768 -32768 -32768 -32768 19 19 19 19 18 18 18 18 19 19 19 19 18 18 18 18 16 16 16 16 13 13 13 13 12 12 12 12 16 16 16 16 19 19 19 19 22 22 22 22 23 23 23 23 24 24 24 24 25 25 25 25 24 24 24 24
-32768 -32768 -32768 -32768 -32768 -32768 -32768 -32768 -32768 -32768 -32768 -32768 -32768 -32768 -32768 -32768 -32768 -32768 -32768 -32768 -32768 -32768 -32768 -32768 -32768 -32768 -32768 -32768 -32768 -32768 -32768 -32768 -32768 -32768 -32768 -32768 -32768 -32768 -32768 -32768 19 19 19 19 18 18 18 18 19 19 19 19 18 18 18 18 16 16 16 16 13 13 13 13 12 12 12 12 16 16 16 16 19 19 19 19 22 22 22 22 23 23 23 23 24 24 24 24 25 25 25 25 24 24 24 24
-32768 -32768 -32768 -32768 -32768 -32768 -32768 -32768 -32768 -32768 -32768 -32768 -32768 -32768 -32768 -32768 -32768 -32768 -32768 -32768 -32768 -32768 -32768 -32768 -32768 -32768 -32768 -32768 -32768 -32768 -32768 -32768 -32768 -32768 -32768 -32768 -32768 -32768 -32768 -32768 19 19 19 19 18 18 18 18 19 19 19 19 18 18 18 18 16 16 16 16 13 13 13 13 12 12 12 12 16 16 16 16 19 19 19 19 22 22 22 22 23 23 23 23 24 24 24 24 25 25 25 25 24 24 24 24
-32768 -32768 -32768 -32768 -32768 -32768 -32768 -32768 -32768 -32768 -32768 -32768 -32768 -32768 -32768 -32768 -32768 -32768 -32768 -32768 -32768 -32768 -32768 -32768 -32768 -32768 -32768 -32768 -32768 -32768 -32768 -32768 -32768 -32768 -32768 -32768 -32768 -32768 -32768 -32768 9 9 9 9 9 9 9 9 10 10 10 10 10 10 10 10 8 8 8 8 5 5 5 5 5 5 5 5 11 11 11 11 15 15 15 15 18 18 18 18 21 21 21 21 23 23 23 23 25 25 25 25 26 26 26 26
-32768 -32768 -32768 -32768 -32768 -32768 -32768 -32768 -32768 -32768 -32768 -32768 -32768 -32768 -32768 -32768 -32768 -32768 -32768 -32768 -32768 -32768 -32768 -32768 -32768 -32768 -32768 -32768 -32768 -32768 -32768 -32768 -32768 -32768 -32768 -32768 -32768 -32768 -32768 -32768 9 9 9 9 9 9 9 9 10 10 10 10 10 10 10 10 8 8 8 8 5 5 5 5 5 5 5 5 11 11 11 11 15 15 15 15 18 18 18 18 21 21 21 21 23 23 23 23 25 25 25 25 26 26 26 26
-32768 -32768 -32768 -32768 -32768 -32768 -32768 -32768 -32768 -32768 -32768 -32768 -32768 -32768 -32768 -32768 -32768 -32768 -32768 -32768 -32768 -32768 -32768 -32768 -32768 -32768 -32768 -32768 -32768 -32768 -32768 -32768 -32768 -32768 -32768 -32768 -32768 -32768 -32768 -32768 9 9 9 9 9 9 9 9 10 10 10 10 10 10 10 10 8 8 8 8 5 5 5 5 5 5 5 5 11 11 11 11 15 15 15 15 18 18 18 18 21 21 21 21 23 23 23 23 25 25 25 25 26 26 26 26
-32768 -32768 -32768 -32768 -32768 -32768 -32768 -32768 -32768 -32768 -32768 -32768 -32768 -32768 -32768 -32768 -32768 -32768 -32768 -32768 -32768 -32768 -32768 -32768 -32768 -32768 -32768 -32768 -32768 -32768 -32768 -32768 -32768 -32768 -32768 -32768 -32768 -32768 -32768 -32768 9 9 9 9 9 9 9 9 10 10 10 10 10 10 10 10 8 8 8 8 5 5 5 5 5 5 5 5 11 11 11 11 15 15 15 15 18 18 18 18 21 21 21 21 23 23 23 23 25 25 25 25 26 26 26 26
-32768 -32768 -32768 -32768 -32768 -32768 -32768 -32768 -32768 -32768 -32768 -32768 -32768 -32768 -32768 -32768 -32768 -32768 -32768 -32768 -32768 -32768 -32768 -32768 -32768 -32768 -32768 -32768 -32768 -32768 -32768 -32768 -32768 -32768 -32768 -32768 -32768 -32768 -32768 -32768 2 2 2 2 3 3 3 3 4 4 4 4 5 5 5 5 4 4 4 4 4 4 4 4 6 6 6 6 9 9 9 9 13 13 13 13 16 16 16 16 19 19 19 19 21 21 21 21 23 23 23 23 24 24 24 24
-32768 -32768 -32768 -32768 -32768 -32768 -32768 -32768 -32768 -32768 -32768 -32768 -32768 -32768 -32768 -32768 -32768 -32768 -32768 -32768 -32768 -32768 -32768 -32768 -32768 -32768 -32768 -32768 -32768 -32768 -32768 -32768 -32768 -32768 -32768 -32768 -32768 -32768 -32768 -32768 2 2 2 2 3 3 3 3 4 4 4 4 5 5 5 5 4 4 4 4 4 4 4 4 6 6 6 6 9 9 9 9 13 13 13 13 16 16 16 16 19 19 19 19 21 21 21 21 23 23 23 23 24 24 24 24
-32768 -32768 -32768 -32768 -32768 -32768 -32768 -32768 -32768 -32768 -32768 -32768 -32768 -32768 -32768 -32768 -32768 -32768 -32768 -32768 -32768 -32768 -32768 -32768 -32768 -32768 -32768 -32768 -32768 -32768 -32768 -32768 -32768 -32768 -32768 -32768 -32768 -32768 -32768 -32768 2 2 2 2 3 3 3 3 4 4 4 4 5 5 5 5 4 4 4 4 4 4 4 4 6 6 6 6 9 9 9 9 13 13 13 13 16 16 16 16 19 19 19 19 21 21 21 21 23 23 23 23 24 24 24 24
-32768 -32768 -32768 -32768 -32768 -32768 -32768 -32768 -32768 -32768 -32768 -32768 -32768 -32768 -32768 -32768 -32768 -32768 -32768 -32768 -32768 -32768 -32768 -32768 -32768 -32768 -32768 -32768 -32768 -32768 -32768 -32768 -32768 -32768 -32768 -32768 -32768 -32768 -32768 -32768 2 2 2 2 3 3 3 3 4 4 4 4 5 5 5 5 4 4 4 4 4 4 4 4 6 6 6 6 9 9 9 9 13 13 13 13 16 16 16 16 19 19 19 19 21 21 21 21 23 23 23 23 24 24 24 24
-32768 -32768 -32768 -32768 -32768 -32768 -32768 -32768 65 65 65 65 43 43 43 43 31 31 31 31 24 24 24 24 18 18 18 18 13 13 13 13 7 7 7 7 3 3 3 3 0 0 0 0 0 0 0 0 1 1 1 1 2 2 2 2 3 3 3 3 5 5 5 5 7 7 7 7 10 10 10 10 13 13 13 13 15 15 15 15 17 17 17 17 18 18 18 18 19 19 19 19 20 20 20 20
-32768 -32768 -32768 -32768 -32768 -32768 -32768 -32768 65 65 65 65 43 43 43 43 31 31 31 31 24 24 24 24 18 18 18 18 13 13 13 13 7 7 7 7 3 3 3 3 0 0 0 0 0 0 0 0 1 1 1 1 2 2 2 2 3 3 3 3 5 5 5 5 7 7 7 7 10 10 10 10 13 13 13 13 15 15 15 15 17 17 17 17 18 18 18 18 19 19 19 19 20 20 20 20
-32768 -32768 -32768 -32768 -32768 -32768 -32768 -32768 65 65 65 65 43 43 43 43 31 31 31 31 24 24 24 24 18 18 18 18 13 13 13 13 7 7 7 7 3 3 3 3 0 0 0 0 0 0 0 0 1 1 1 1 2 2 2 2 3 3 3 3 5 5 5 5 7 7 7 7 10 10 10 10 13 13 13 13 15 15 15 15 17 17 17 17 18 18 18 18 19 19 19 19 20 20 20 20
-32768 -32768 -32768 -32768 -32768 -32768 -32768 -32768 65 65 65 65 43 43 43 43 31 31 31 31 24 24 24 24 18 18 18 18 13 13 13 13 7 7 7 7 3 3 3 3 0 0 0 0 0 0 0 0 1 1 1 1 2 2 2 2 3 3 3 3 5 5 5 5 7 7 7 7 10 10 10 10 13 13 13 13 15 15 15 15 17 17 17 17 18 18 18 18 19 19 19 19 20 20 20 20
-32768 -32768 -32768 -32768 -32768 -32768 -32768 -32768 31 31 31 31 17 17 17 17 16 16 16 16 14 14 14 14 11 11 11 11 7 7 7 7 4 4 4 4 1 1 1 1 0 0 0 0 0 0 0 0 0 0 0 0 1 1 1 1 3 3 3 3 5 5 5 5 9 9 9 9 12 12 12 12 13 13 13 13 15 15 15 15 15 15 15 15 16 16 16 16 15 15 15 15 14 14 14 14
-32768 -32768 -32768 -32768 -32768 -32768 -32768 -32768 31 31 31 31 17 17 17 17 16 16 16 16 14 14 14 14 11 11 11 11 7 7 7 7 4 4 4 4 1 1 1 1 0 0 0 0 0 0 0 0 0 0 0 0 1 1 1 1 3 3 3 3 5 5 5 5 9 9 9 9 12 12 12 12 13 13 13 13 15 15 15 15 15 15 15 15 16 16 16 16 15 15 15 15 14 14 14 14
-32768 -32768 -32768 -32768 -32768 -32768 -32768 -32768 31 31 31 31 17 17 17 17 16 16 16 16 14 14 14 14 11 11 11 11 7 7 7 7 4 4 4 4 1 1 1 1 0 0 0 0 0 0 0 0 0 0 0 0 1 1 1 1 3 3 3 3 5 5 5 5 9 9 9 9 12 12 12 12 13 13 13 13 15 15 15 15 15 15 15 15 16 16 16 16 15 15 15 15 14 14 14 14
-32768 -32768 -32768 -32768 -32768 -32768 -32768 -32768 31 31 31 31 17 17 17 17 16 16 16 16 14 14 14 14 11 11 11 11 7 7 7 7 4 4 4 4 1 1 1 1 0 0 0 0 0 0 0 0 0 0 0 0 1 1 1 1 3 3 3 3 5 5 5 5 9 9 9 9 12 12 12 12 13 13 13 13 15 15 15 15 15 15 15 15 16 16 16 16 15 15 15 15 14 14 14 14
-32768 -32768 -32768 -32768 -32768 -32768 -32768 -32768 5 5 5 5 4 4 4 4 5 5 5 5 6 6 6 6 5 5 5 5 4 4 4 4 -32768 -32768 -32768 -32768 -32768 -32768 -32768 -32768 0 0 0 0 0 0 0 0 0 0 0 0 1 1 1 1 3 3 3 3 6 6 6 6 10 10 10 10 13 13 13 13 14 14 14 14 14 14 14 14 14 14 14 14 13 13 13 13 12 12 12 12 9 9 9 9
-32768 -32768 -32768 -32768 -32768 -32768 -32768 -32768 5 5 5 5 4 4 4 4 5 5 5 5 6 6 6 6 5 5 5 5 4 4 4 4 -32768 -32768 -32768 -32768 -32768 -32768 -32768 -32768 0 0 0 0 0 0 0 0 0 0 0 0 1 1 1 1 3 3 3 3 6 6 6 6 10 10 10 10 13 13 13 13 14 14 14 14 14 14 14 14 14 14 14 14 13 13 13 13 12 12 12 12 9 9 9 9
-32768 -32768 -32768 -32768 -32768 -32768 -32768 -32768 5 5 5 5 4 4 4 4 5 5 5 5 6 6 6 6 5 5 5 5 4 4 4 4 -32768 -32768 -32768 -32768 -32768 -32768 -32768 -32768 0 0 0 0 0 0 0 0 0 0 0 0 1 1 1 1 3 3 3 3 6 6 6 6 10 10 10 10 13 13 13 13 14 14 14 14 14 14 14 14 14 14 14 14 13 13 13 13 12 12 12 12 9 9 9 9
-32768 -32768 -32768 -32768 -32768 -32768 -32768 -32768 5 5 5 5 4 4 4 4 5 5 5 5 6 6 6 6 5 5 5 5 4 4 4 4 -32768 -32768 -32768 -32768 -32768 -32768 -32768 -32768 0 0 0 0 0 0 0 0 0 0 0 0 1 1 1 1 3 3 3 3 6 6 6 6 10 10 10 10 13 13 13 13 14 14 14 14 14 14 14 14 14 14 14 14 13 13 13 13 12 12 12 12 9 9 9 9
-32768 -32768 -32768 -32768 1 1 1 1 -4 -4 -4 -4 -3 -3 -3 -3 0 0 0 0 1 1 1 1 2 2 2 2 2 2 2 2 -32768 -32768 -32768 -32768 -32768 -32768 -32768 -32768 0 0 0 0 0 0 0 0 0 0 0 0 0 0 0 0 3 3 3 3 6 6 6 6 9 9 9 9 12 12 12 12 14 14 14 14 14 14 14 14 14 14 14 14 12 12 12 12 10 10 10 10 5 5 5 5
-32768 -32768 -32768 -32768 1 1 1 1 -4 -4 -4 -4 -3 -3 -3 -3 0 0 0 0 1 1 1 1 2 2 2 2 2 2 2 2 -32768 -32768 -32768 -32768 -32768 -32768 -32768 -32768 0 0 0 0 0 0 0 0 0 0 0 0 0 0 0 0 3 3 3 3 6 6 6 6 9 9 9 9 12 12 12 12 14 14 14 14 14 14 14 14 14 14 14 14 12 12 12 12 10 10 10 10 5 5 5 5
-32768 -32768 -32768 -32768 1 1 1 1 -4 -4 -4 -4 -3 -3 -3 -3 0 0 0 0 1 1 1 1 2 2 2 2 2 2 2 2 -32768 -32768 -32768 -32768 -32768 -32768 -32768 -32768 0 0 0 0 0 0 0 0 0 0 0 0 0 0 0 0 3 3 3 3 6 6 6 6 9 9 9 9 12 12 12 12 14 14 14 14 14 14 14 14 14 14 14 14 12 12 12 12 10 10 10 10 5 5 5 5
-32768 -32768 -32768 -32768 1 1 1 1 -4 -4 -4 -4 -3 -3 -3 -3 0 0 0 0 1 1 1 1 2 2 2 2 2 2 2 2 -32768 -32768 -32768 -32768 -32768 -32768 -32768 -32768 0 0 0 0 0 0 0 0 0 0 0 0 0 0 0 0 3 3 3 3 6 6 6 6 9 9 9 9 12 12 12 12 14 14 14 14 14 14 14 14 14 14 14 14 12 12 12 12 10 10 10 10 5 5 5 5
2 2 2 2 -5 -5 -5 -5 -12 -12 -12 -12 -7 -7 -7 -7 -3 -3 -3 -3 0 0 0 0 1 1 1 1 1 1 1 1 -32768 -32768 -32768 -32768 -32768 -32768 -32768 -32768 -32768 -32768 -32768 -32768 0 0 0 0 0 0 0 0 0 0 0 0 3 3 3 3 6 6 6 6 9 9 9 9 12 12 12 12 14 14 14 14 15 15 15 15 15 15 15 15 13 13 13 13 10 10 10 10 6 6 6 6
2 2 2 2 -5 -5 -5 -5 -12 -12 -12 -12 -7 -7 -7 -7 -3 -3 -3 -3 0 0 0 0 1 1 1 1 1 1 1 1 -32768 -32768 -32768 -32768 -32768 -32768 -32768 -32768 -32768 -32768 -32768 -32768 0 0 0 0 0 0 0 0 0 0 0 0 3 3 3 3 6 6 6 6 9 9 9 9 12 12 12 12 14 14 14 14 15 15 15 15 15 15 15 15 13 13 13 13 10 10 10 10 6 6 6 6
2 2 2 2 -5 -5 -5 -5 -12 -12 -12 -12 -7 -7 -7 -7 -3 -3 -3 -3 0 0 0 0 1 1 1 1 1 1 1 1 -32768 -32768 -32768 -32768 -32768 -32768 -32768 -32768 -32768 -32768 -32768 -32768 0 0 0 0 0 0 0 0 0 0 0 0 3 3 3 3 6 6 6 6 9 9 9 9 12 12 12 12 14 14 14 14 15 15 15 15 15 15 15 15 13 13 13 13 10 10 10 10 6 6 6 6
2 2 2 2 -5 -5 -5 -5 -12 -12 -12 -12 -7 -7 -7 -7 -3 -3 -3 -3 0 0 0 0 1 1 1 1 1 1 1 1 -32768 -32768 -32768 -32768 -32768 -32768 -32768 -32768 -32768 -32768 -32768 -32768 0 0 0 0 0 0 0 0 0 0 0 0 3 3 3 3 6 6 6 6 9 9 9 9 12 12 12 12 14 14 14 14 15 15 15 15 15 15 15 15 13 13 13 13 10 10 10 10 6 6 6 6
-1 -1 -1 -1 -6 -6 -6 -6 -7 -7 -7 -7 -5 -5 -5 -5 -2 -2 -2 -2 0 0 0 0 2 2 2 2 2 2 2 2 2 2 2 2 -32768 -32768 -32768 -32768 -32768 -32768 -32768 -32768 0 0 0 0 0 0 0 0 0 0 0 0 3 3 3 3 6 6 6 6 10 10 10 10 13 13 13 13 16 16 16 16 17 17 17 17 17 17 17 17 15 15 15 15 13 13 13 13 10 10 10 10
-1 -1 -1 -1 -6 -6 -6 -6 -7 -7 -7 -7 -5 -5 -5 -5 -2 -2 -2 -2 0 0 0 0 2 2 2 2 2 2 2 2 2 2 2 2 -32768 -32768 -32768 -32768 -32768 -32768 -32768 -32768 0 0 0 0 0 0 0 0 0 0 0 0 3 3 3 3 6 6 6 6 10 10 10 10 13 13 13 13 16 16 16 16 17 17 17 17 17 17 17 17 15 15 15 15 13 13 13 13 10 10 10 10
-1 -1 -1 -1 -6 -6 -6 -6 -7 -7 -7 -7 -5 -5 -5 -5 -2 -2 -2 -2 0 0 0 0 2 2 2 2 2 2 2 2 2 2 2 2 -32768 -32768 -32768 -32768 -32768 -32768 -32768 -32768 0 0 0 0 0 0 0 0 0 0 0 0 3 3 3 3 6 6 6 6 10 10 10 10 13 13 13 13 16 16 16 16 17 17 17 17 17 17 17 17 15 15 15 15 13 13 13 13 10 10 10 10
-1 -1 -1 -1 -6 -6 -6 -6 -7 -7 -7 -7 -5 -5 -5 -5 -2 -2 -2 -2 0 0 0 0 2 2 2 2 2 2 2 2 2 2 2 2 -32768 -32768 -32768 -32768 -32768 -32768 -32768 -32768 0 0 0 0 0 0 0 0 0 0 0 0 3 3 3 3 6 6 6 6 10 10 10 10 13 13 13 13 16 16 16 16 17 17 17 17 17 17 17 17 15 15 15 15 13 13 13 13 10 10 10 10
-2 -2 -2 -2 -4 -4 -4 -4 -3 -3 -3 -3 -1 -1 -1 -1 0 0 0 0 1 1 1 1 3 3 3 3 4 4 4 4 4 4 4 4 -32768 -32768 -32768 -32768 -32768 -32768 -32768 -32768 -32768 -32768 -32768 -32768 0 0 0 0 0 0 0 0 4 4 4 4 8 8 8 8 11 11 11 11 15 15 15 15 18 18 18 18 20 20 20 20 19 19 19 19 18 18 18 18 17 17 17 17 15 15 15 15
