testcase/zwarte_beek/input/seepage.asc
ncols        188
nrows        84
xllcorner    216580.000000000000
yllcorner    198160.000000000000
cellsize     5.000000000000
NODATA_value  -3.4028234663852885981e+38
[rows 21 to 41 of 84, columns 98 to 146 of 188]
-0 -0 -3.9191999435424804688 -3.9191999435424804688 -3.9191999435424804688 -3.9191999435424804688 -9.7012996673583984375 -9.7012996673583984375 -9.7012996673583984375 -9.7012996673583984375 -15.387599945068359375 -15.387599945068359375 -15.387599945068359375 -15.387599945068359375 -20.141300201416015625 -20.141300201416015625 -20.141300201416015625 -20.141300201416015625 -3.4028234663852885981e+38 -3.4028234663852885981e+38 -3.4028234663852885981e+38 -3.4028234663852885981e+38 -3.4028234663852885981e+38 -3.4028234663852885981e+38 -3.4028234663852885981e+38 -3.4028234663852885981e+38 -9.4319000244140625 -9.4319000244140625 -9.4319000244140625 -9.4319000244140625 -2.8211998939514160156 -2.8211998939514160156 -2.8211998939514160156 -2.8211998939514160156 -14.313300132751464844 -14.313300132751464844 -14.313300132751464844 -14.313300132751464844 -34.053501129150390625 -34.053501129150390625 -34.053501129150390625 -34.053501129150390625 -38.314998626708984375 -38.314998626708984375 -38.314998626708984375 -38.314998626708984375 -34.566501617431640625 -34.566501617431640625 -34.566501617431640625
-0 -0 -3.9191999435424804688 -3.9191999435424804688 -3.9191999435424804688 -3.9191999435424804688 -9.7012996673583984375 -9.7012996673583984375 -9.7012996673583984375 -9.7012996673583984375 -15.387599945068359375 -15.387599945068359375 -15.387599945068359375 -15.387599945068359375 -20.141300201416015625 -20.141300201416015625 -20.141300201416015625 -20.141300201416015625 -3.4028234663852885981e+38 -3.4028234663852885981e+38 -3.4028234663852885981e+38 -3.4028234663852885981e+38 -3.4028234663852885981e+38 -3.4028234663852885981e+38 -3.4028234663852885981e+38 -3.4028234663852885981e+38 -9.4319000244140625 -9.4319000244140625 -9.4319000244140625 -9.4319000244140625 -2.8211998939514160156 -2.8211998939514160156 -2.8211998939514160156 -2.8211998939514160156 -14.313300132751464844 -14.313300132751464844 -14.313300132751464844 -14.313300132751464844 -34.053501129150390625 -34.053501129150390625 -34.053501129150390625 -34.053501129150390625 -38.314998626708984375 -38.314998626708984375 -38.314998626708984375 -38.314998626708984375 -34.566501617431640625 -34.566501617431640625 -34.566501617431640625
-0 -0 -3.9191999435424804688 -3.9191999435424804688 -3.9191999435424804688 -3.9191999435424804688 -9.7012996673583984375 -9.7012996673583984375 -9.7012996673583984375 -9.7012996673583984375 -15.387599945068359375 -15.387599945068359375 -15.387599945068359375 -15.387599945068359375 -20.141300201416015625 -20.141300201416015625 -20.141300201416015625 -20.141300201416015625 -3.4028234663852885981e+38 -3.4028234663852885981e+38 -3.4028234663852885981e+38 -3.4028234663852885981e+38 -3.4028234663852885981e+38 -3.4028234663852885981e+38 -3.4028234663852885981e+38 -3.4028234663852885981e+38 -9.4319000244140625 -9.4319000244140625 -9.4319000244140625 -9.4319000244140625 -2.8211998939514160156 -2.8211998939514160156 -2.8211998939514160156 -2.8211998939514160156 -14.313300132751464844 -14.313300132751464844 -14.313300132751464844 -14.313300132751464844 -34.053501129150390625 -34.053501129150390625 -34.053501129150390625 -34.053501129150390625 -38.314998626708984375 -38.314998626708984375 -38.314998626708984375 -38.314998626708984375 -34.566501617431640625 -34.566501617431640625 -34.566501617431640625
-0 -0 -1.4680000543594360352 -1.4680000543594360352 -1.4680000543594360352 -1.4680000543594360352 -7.1764001846313476562 -7.1764001846313476562 -7.1764001846313476562 -7.1764001846313476562 -12.714099884033203125 -12.714099884033203125 -12.714099884033203125 -12.714099884033203125 -3.4028234663852885981e+38 -3.4028234663852885981e+38 -3.4028234663852885981e+38 -3.4028234663852885981e+38 -3.4028234663852885981e+38 -3.4028234663852885981e+38 -3.4028234663852885981e+38 -3.4028234663852885981e+38 -3.4028234663852885981e+38 -3.4028234663852885981e+38 -3.4028234663852885981e+38 -3.4028234663852885981e+38 -14.211099624633789062 -14.211099624633789062 -14.211099624633789062 -14.211099624633789062 -5.2332000732421875 -5.2332000732421875 -5.2332000732421875 -5.2332000732421875 -18.20330047607421875 -18.20330047607421875 -18.20330047607421875 -18.20330047607421875 -37.476001739501953125 -37.476001739501953125 -37.476001739501953125 -37.476001739501953125 -35.779998779296875 -35.779998779296875 -35.779998779296875 -35.779998779296875 -30.132999420166015625 -30.132999420166015625 -30.132999420166015625
-0 -0 -1.4680000543594360352 -1.4680000543594360352 -1.4680000543594360352 -1.4680000543594360352 -7.1764001846313476562 -7.1764001846313476562 -7.1764001846313476562 -7.1764001846313476562 -12.714099884033203125 -12.714099884033203125 -12.714099884033203125 -12.714099884033203125 -3.4028234663852885981e+38 -3.4028234663852885981e+38 -3.4028234663852885981e+38 -3.4028234663852885981e+38 -3.4028234663852885981e+38 -3.4028234663852885981e+38 -3.4028234663852885981e+38 -3.4028234663852885981e+38 -3.4028234663852885981e+38 -3.4028234663852885981e+38 -3.4028234663852885981e+38 -3.4028234663852885981e+38 -14.211099624633789062 -14.211099624633789062 -14.211099624633789062 -14.211099624633789062 -5.2332000732421875 -5.2332000732421875 -5.2332000732421875 -5.2332000732421875 -18.20330047607421875 -18.20330047607421875 -18.20330047607421875 -18.20330047607421875 -37.476001739501953125 -37.476001739501953125 -37.476001739501953125 -37.476001739501953125 -35.779998779296875 -35.779998779296875 -35.779998779296875 -35.779998779296875 -30.132999420166015625 -30.132999420166015625 -30.132999420166015625
-0 -0 -1.4680000543594360352 -1.4680000543594360352 -1.4680000543594360352 -1.4680000543594360352 -7.1764001846313476562 -7.1764001846313476562 -7.1764001846313476562 -7.1764001846313476562 -12.714099884033203125 -12.714099884033203125 -12.714099884033203125 -12.714099884033203125 -3.4028234663852885981e+38 -3.4028234663852885981e+38 -3.4028234663852885981e+38 -3.4028234663852885981e+38 -3.4028234663852885981e+38 -3.4028234663852885981e+38 -3.4028234663852885981e+38 -3.4028234663852885981e+38 -3.4028234663852885981e+38 -3.4028234663852885981e+38 -3.4028234663852885981e+38 -3.4028234663852885981e+38 -14.211099624633789062 -14.211099624633789062 -14.211099624633789062 -14.211099624633789062 -5.2332000732421875 -5.2332000732421875 -5.2332000732421875 -5.2332000732421875 -18.20330047607421875 -18.20330047607421875 -18.20330047607421875 -18.20330047607421875 -37.476001739501953125 -37.476001739501953125 -37.476001739501953125 -37.476001739501953125 -35.779998779296875 -35.779998779296875 -35.779998779296875 -35.779998779296875 -30.132999420166015625 -30.132999420166015625 -30.132999420166015625
-0 -0 -1.4680000543594360352 -1.4680000543594360352 -1.4680000543594360352 -1.4680000543594360352 -7.1764001846313476562 -7.1764001846313476562 -7.1764001846313476562 -7.1764001846313476562 -12.714099884033203125 -12.714099884033203125 -12.714099884033203125 -12.714099884033203125 -3.4028234663852885981e+38 -3.4028234663852885981e+38 -3.4028234663852885981e+38 -3.4028234663852885981e+38 -3.4028234663852885981e+38 -3.4028234663852885981e+38 -3.4028234663852885981e+38 -3.4028234663852885981e+38 -3.4028234663852885981e+38 -3.4028234663852885981e+38 -3.4028234663852885981e+38 -3.4028234663852885981e+38 -14.211099624633789062 -14.211099624633789062 -14.211099624633789062 -14.211099624633789062 -5.2332000732421875 -5.2332000732421875 -5.2332000732421875 -5.2332000732421875 -18.20330047607421875 -18.20330047607421875 -18.20330047607421875 -18.20330047607421875 -37.476001739501953125 -37.476001739501953125 -37.476001739501953125 -37.476001739501953125 -35.779998779296875 -35.779998779296875 -35.779998779296875 -35.779998779296875 -30.132999420166015625 -30.132999420166015625 -30.132999420166015625
-0 -0 -0.56449997425079345703 -0.56449997425079345703 -0.56449997425079345703 -0.56449997425079345703 -4.9095997810363769531 -4.9095997810363769531 -4.9095997810363769531 -4.9095997810363769531 -8.7968997955322265625 -8.7968997955322265625 -8.7968997955322265625 -8.7968997955322265625 -3.4028234663852885981e+38 -3.4028234663852885981e+38 -3.4028234663852885981e+38 -3.4028234663852885981e+38 -3.4028234663852885981e+38 -3.4028234663852885981e+38 -3.4028234663852885981e+38 -3.4028234663852885981e+38 -3.4028234663852885981e+38 -3.4028234663852885981e+38 -3.4028234663852885981e+38 -3.4028234663852885981e+38 -16.621500015258789062 -16.621500015258789062 -16.621500015258789062 -16.621500015258789062 -9.056400299072265625 -9.056400299072265625 -9.056400299072265625 -9.056400299072265625 -14.794899940490722656 -14.794899940490722656 -14.794899940490722656 -14.794899940490722656 -24.270999908447265625 -24.270999908447265625 -24.270999908447265625 -24.270999908447265625 -26.614299774169921875 -26.614299774169921875 -26.614299774169921875 -26.614299774169921875 -24.88990020751953125 -24.88990020751953125 -24.88990020751953125
-0 -0 -0.56449997425079345703 -0.56449997425079345703 -0.56449997425079345703 -0.56449997425079345703 -4.9095997810363769531 -4.9095997810363769531 -4.9095997810363769531 -4.9095997810363769531 -8.7968997955322265625 -8.7968997955322265625 -8.7968997955322265625 -8.7968997955322265625 -3.4028234663852885981e+38 -3.4028234663852885981e+38 -3.4028234663852885981e+38 -3.4028234663852885981e+38 -3.4028234663852885981e+38 -3.4028234663852885981e+38 -3.4028234663852885981e+38 -3.4028234663852885981e+38 -3.4028234663852885981e+38 -3.4028234663852885981e+38 -3.4028234663852885981e+38 -3.4028234663852885981e+38 -16.621500015258789062 -16.621500015258789062 -16.621500015258789062 -16.621500015258789062 -9.056400299072265625 -9.056400299072265625 -9.056400299072265625 -9.056400299072265625 -14.794899940490722656 -14.794899940490722656 -14.794899940490722656 -14.794899940490722656 -24.270999908447265625 -24.270999908447265625 -24.270999908447265625 -24.270999908447265625 -26.614299774169921875 -26.614299774169921875 -26.614299774169921875 -26.614299774169921875 -24.88990020751953125 -24.88990020751953125 -24.88990020751953125
-0 -0 -0.56449997425079345703 -0.56449997425079345703 -0.56449997425079345703 -0.56449997425079345703 -4.9095997810363769531 -4.9095997810363769531 -4.9095997810363769531 -4.9095997810363769531 -8.7968997955322265625 -8.7968997955322265625 -8.7968997955322265625 -8.7968997955322265625 -3.4028234663852885981e+38 -3.4028234663852885981e+38 -3.4028234663852885981e+38 -3.4028234663852885981e+38 -3.4028234663852885981e+38 -3.4028234663852885981e+38 -3.4028234663852885981e+38 -3.4028234663852885981e+38 -3.4028234663852885981e+38 -3.4028234663852885981e+38 -3.4028234663852885981e+38 -3.4028234663852885981e+38 -16.621500015258789062 -16.621500015258789062 -16.621500015258789062 -16.621500015258789062 -9.056400299072265625 -9.056400299072265625 -9.056400299072265625 -9.056400299072265625 -14.794899940490722656 -14.794899940490722656 -14.794899940490722656 -14.794899940490722656 -24.270999908447265625 -24.270999908447265625 -24.270999908447265625 -24.270999908447265625 -26.614299774169921875 -26.614299774169921875 -26.614299774169921875 -26.614299774169921875 -24.88990020751953125 -24.88990020751953125 -24.88990020751953125
-0 -0 -0.56449997425079345703 -0.56449997425079345703 -0.56449997425079345703 -0.56449997425079345703 -4.9095997810363769531 -4.9095997810363769531 -4.9095997810363769531 -4.9095997810363769531 -8.7968997955322265625 -8.7968997955322265625 -8.7968997955322265625 -8.7968997955322265625 -3.4028234663852885981e+38 -3.4028234663852885981e+38 -3.4028234663852885981e+38 -3.4028234663852885981e+38 -3.4028234663852885981e+38 -3.4028234663852885981e+38 -3.4028234663852885981e+38 -3.4028234663852885981e+38 -3.4028234663852885981e+38 -3.4028234663852885981e+38 -3.4028234663852885981e+38 -3.4028234663852885981e+38 -16.621500015258789062 -16.621500015258789062 -16.621500015258789062 -16.621500015258789062 -9.056400299072265625 -9.056400299072265625 -9.056400299072265625 -9.056400299072265625 -14.794899940490722656 -14.794899940490722656 -14.794899940490722656 -14.794899940490722656 -24.270999908447265625 -24.270999908447265625 -24.270999908447265625 -24.270999908447265625 -26.614299774169921875 -26.614299774169921875 -26.614299774169921875 -26.614299774169921875 -24.88990020751953125 -24.88990020751953125 -24.88990020751953125
-0.064999997615814208984 -0.064999997615814208984 -2.8959000110626220703 -2.8959000110626220703 -2.8959000110626220703 -2.8959000110626220703 -3.5599999427795410156 -3.5599999427795410156 -3.5599999427795410156 -3.5599999427795410156 -3.5557000637054443359 -3.5557000637054443359 -3.5557000637054443359 -3.5557000637054443359 -3.4028234663852885981e+38 -3.4028234663852885981e+38 -3.4028234663852885981e+38 -3.4028234663852885981e+38 -3.4028234663852885981e+38 -3.4028234663852885981e+38 -3.4028234663852885981e+38 -3.4028234663852885981e+38 -3.4028234663852885981e+38 -3.4028234663852885981e+38 -3.4028234663852885981e+38 -3.4028234663852885981e+38 -10.921999931335449219 -10.921999931335449219 -10.921999931335449219 -10.921999931335449219 -7.5817999839782714844 -7.5817999839782714844 -7.5817999839782714844 -7.5817999839782714844 -8.5454998016357421875 -8.5454998016357421875 -8.5454998016357421875 -8.5454998016357421875 -11.687999725341796875 -11.687999725341796875 -11.687999725341796875 -11.687999725341796875 -17.794500350952148438 -17.794500350952148438 -17.794500350952148438 -17.794500350952148438 -20.724500656127929688 -20.724500656127929688 -20.724500656127929688
-0.064999997615814208984 -0.064999997615814208984 -2.8959000110626220703 -2.8959000110626220703 -2.8959000110626220703 -2.8959000110626220703 -3.5599999427795410156 -3.5599999427795410156 -3.5599999427795410156 -3.5599999427795410156 -3.5557000637054443359 -3.5557000637054443359 -3.5557000637054443359 -3.5557000637054443359 -3.4028234663852885981e+38 -3.4028234663852885981e+38 -3.4028234663852885981e+38 -3.4028234663852885981e+38 -3.4028234663852885981e+38 -3.4028234663852885981e+38 -3.4028234663852885981e+38 -3.4028234663852885981e+38 -3.4028234663852885981e+38 -3.4028234663852885981e+38 -3.4028234663852885981e+38 -3.4028234663852885981e+38 -10.921999931335449219 -10.921999931335449219 -10.921999931335449219 -10.921999931335449219 -7.5817999839782714844 -7.5817999839782714844 -7.5817999839782714844 -7.5817999839782714844 -8.5454998016357421875 -8.5454998016357421875 -8.5454998016357421875 -8.5454998016357421875 -11.687999725341796875 -11.687999725341796875 -11.687999725341796875 -11.687999725341796875 -17.794500350952148438 -17.794500350952148438 -17.794500350952148438 -17.794500350952148438 -20.724500656127929688 -20.724500656127929688 -20.724500656127929688
-0.064999997615814208984 -0.064999997615814208984 -2.8959000110626220703 -2.8959000110626220703 -2.8959000110626220703 -2.8959000110626220703 -3.5599999427795410156 -3.5599999427795410156 -3.5599999427795410156 -3.5599999427795410156 -3.5557000637054443359 -3.5557000637054443359 -3.5557000637054443359 -3.5557000637054443359 -3.4028234663852885981e+38 -3.4028234663852885981e+38 -3.4028234663852885981e+38 -3.4028234663852885981e+38 -3.4028234663852885981e+38 -3.4028234663852885981e+38 -3.4028234663852885981e+38 -3.4028234663852885981e+38 -3.4028234663852885981e+38 -3.4028234663852885981e+38 -3.4028234663852885981e+38 -3.4028234663852885981e+38 -10.921999931335449219 -10.921999931335449219 -10.921999931335449219 -10.921999931335449219 -7.5817999839782714844 -7.5817999839782714844 -7.5817999839782714844 -7.5817999839782714844 -8.5454998016357421875 -8.5454998016357421875 -8.5454998016357421875 -8.5454998016357421875 -11.687999725341796875 -11.687999725341796875 -11.687999725341796875 -11.687999725341796875 -17.794500350952148438 -17.794500350952148438 -17.794500350952148438 -17.794500350952148438 -20.724500656127929688 -20.724500656127929688 -20.724500656127929688
-0.064999997615814208984 -0.064999997615814208984 -2.8959000110626220703 -2.8959000110626220703 -2.8959000110626220703 -2.8959000110626220703 -3.5599999427795410156 -3.5599999427795410156 -3.5599999427795410156 -3.5599999427795410156 -3.5557000637054443359 -3.5557000637054443359 -3.5557000637054443359 -3.5557000637054443359 -3.4028234663852885981e+38 -3.4028234663852885981e+38 -3.4028234663852885981e+38 -3.4028234663852885981e+38 -3.4028234663852885981e+38 -3.4028234663852885981e+38 -3.4028234663852885981e+38 -3.4028234663852885981e+38 -3.4028234663852885981e+38 -3.4028234663852885981e+38 -3.4028234663852885981e+38 -3.4028234663852885981e+38 -10.921999931335449219 -10.921999931335449219 -10.921999931335449219 -10.921999931335449219 -7.5817999839782714844 -7.5817999839782714844 -7.5817999839782714844 -7.5817999839782714844 -8.5454998016357421875 -8.5454998016357421875 -8.5454998016357421875 -8.5454998016357421875 -11.687999725341796875 -11.687999725341796875 -11.687999725341796875 -11.687999725341796875 -17.794500350952148438 -17.794500350952148438 -17.794500350952148438 -17.794500350952148438 -20.724500656127929688 -20.724500656127929688 -20.724500656127929688
-8.327899932861328125 -8.327899932861328125 -6.4711999893188476562 -6.4711999893188476562 -6.4711999893188476562 -6.4711999893188476562 -3.348400115966796875 -3.348400115966796875 -3.348400115966796875 -3.348400115966796875 -0.85290002822875976562 -0.85290002822875976562 -0.85290002822875976562 -0.85290002822875976562 -0.074000000953674316406 -0.074000000953674316406 -0.074000000953674316406 -0.074000000953674316406 -5.7335000038146972656 -5.7335000038146972656 -5.7335000038146972656 -5.7335000038146972656 -14.024999618530273438 -14.024999618530273438 -14.024999618530273438 -14.024999618530273438 -10.4477996826171875 -10.4477996826171875 -10.4477996826171875 -10.4477996826171875 -5.1503000259399414062 -5.1503000259399414062 -5.1503000259399414062 -5.1503000259399414062 -3.2228000164031982422 -3.2228000164031982422 -3.2228000164031982422 -3.2228000164031982422 -5.6076998710632324219 -5.6076998710632324219 -5.6076998710632324219 -5.6076998710632324219 -12.331700325012207031 -12.331700325012207031 -12.331700325012207031 -12.331700325012207031 -18.282400131225585938 -18.282400131225585938 -18.282400131225585938
-8.327899932861328125 -8.327899932861328125 -6.4711999893188476562 -6.4711999893188476562 -6.4711999893188476562 -6.4711999893188476562 -3.348400115966796875 -3.348400115966796875 -3.348400115966796875 -3.348400115966796875 -0.85290002822875976562 -0.85290002822875976562 -0.85290002822875976562 -0.85290002822875976562 -0.074000000953674316406 -0.074000000953674316406 -0.074000000953674316406 -0.074000000953674316406 -5.7335000038146972656 -5.7335000038146972656 -5.7335000038146972656 -5.7335000038146972656 -14.024999618530273438 -14.024999618530273438 -14.024999618530273438 -14.024999618530273438 -10.4477996826171875 -10.4477996826171875 -10.4477996826171875 -10.4477996826171875 -5.1503000259399414062 -5.1503000259399414062 -5.1503000259399414062 -5.1503000259399414062 -3.2228000164031982422 -3.2228000164031982422 -3.2228000164031982422 -3.2228000164031982422 -5.6076998710632324219 -5.6076998710632324219 -5.6076998710632324219 -5.6076998710632324219 -12.331700325012207031 -12.331700325012207031 -12.331700325012207031 -12.331700325012207031 -18.282400131225585938 -18.282400131225585938 -18.282400131225585938
-8.327899932861328125 -8.327899932861328125 -6.4711999893188476562 -6.4711999893188476562 -6.4711999893188476562 -6.4711999893188476562 -3.348400115966796875 -3.348400115966796875 -3.348400115966796875 -3.348400115966796875 -0.85290002822875976562 -0.85290002822875976562 -0.85290002822875976562 -0.85290002822875976562 -0.074000000953674316406 -0.074000000953674316406 -0.074000000953674316406 -0.074000000953674316406 -5.7335000038146972656 -5.7335000038146972656 -5.7335000038146972656 -5.7335000038146972656 -14.024999618530273438 -14.024999618530273438 -14.024999618530273438 -14.024999618530273438 -10.4477996826171875 -10.4477996826171875 -10.4477996826171875 -10.4477996826171875 -5.1503000259399414062 -5.1503000259399414062 -5.1503000259399414062 -5.1503000259399414062 -3.2228000164031982422 -3.2228000164031982422 -3.2228000164031982422 -3.2228000164031982422 -5.6076998710632324219 -5.6076998710632324219 -5.6076998710632324219 -5.6076998710632324219 -12.331700325012207031 -12.331700325012207031 -12.331700325012207031 -12.331700325012207031 -18.282400131225585938 -18.282400131225585938 -18.282400131225585938
-8.327899932861328125 -8.327899932861328125 -6.4711999893188476562 -6.4711999893188476562 -6.4711999893188476562 -6.4711999893188476562 -3.348400115966796875 -3.348400115966796875 -3.348400115966796875 -3.348400115966796875 -0.85290002822875976562 -0.85290002822875976562 -0.85290002822875976562 -0.85290002822875976562 -0.074000000953674316406 -0.074000000953674316406 -0.074000000953674316406 -0.074000000953674316406 -5.7335000038146972656 -5.7335000038146972656 -5.7335000038146972656 -5.7335000038146972656 -14.024999618530273438 -14.024999618530273438 -14.024999618530273438 -14.024999618530273438 -10.4477996826171875 -10.4477996826171875 -10.4477996826171875 -10.4477996826171875 -5.1503000259399414062 -5.1503000259399414062 -5.1503000259399414062 -5.1503000259399414062 -3.2228000164031982422 -3.2228000164031982422 -3.2228000164031982422 -3.2228000164031982422 -5.6076998710632324219 -5.6076998710632324219 -5.6076998710632324219 -5.6076998710632324219 -12.331700325012207031 -12.331700325012207031 -12.331700325012207031 -12.331700325012207031 -18.282400131225585938 -18.282400131225585938 -18.282400131225585938
-10.105999946594238281 -10.105999946594238281 -7.2237000465393066406 -7.2237000465393066406 -7.2237000465393066406 -7.2237000465393066406 -2.3029000759124755859 -2.3029000759124755859 -2.3029000759124755859 -2.3029000759124755859 -0 -0 -0 -0 -0.1580000072717666626 -0.1580000072717666626 -0.1580000072717666626 -0.1580000072717666626 -7.714099884033203125 -7.714099884033203125 -7.714099884033203125 -7.714099884033203125 -18.694000244140625 -18.694000244140625 -18.694000244140625 -18.694000244140625 -7.8917999267578125 -7.8917999267578125 -7.8917999267578125 -7.8917999267578125 -0 -0 -0 -0 -0 -0 -0 -0 -0 -0 -0 -0 -4.2996997833251953125 -4.2996997833251953125 -4.2996997833251953125 -4.2996997833251953125 -14.143500328063964844 -14.143500328063964844 -14.143500328063964844
-10.105999946594238281 -10.105999946594238281 -7.2237000465393066406 -7.2237000465393066406 -7.2237000465393066406 -7.2237000465393066406 -2.3029000759124755859 -2.3029000759124755859 -2.3029000759124755859 -2.3029000759124755859 -0 -0 -0 -0 -0.1580000072717666626 -0.1580000072717666626 -0.1580000072717666626 -0.1580000072717666626 -7.714099884033203125 -7.714099884033203125 -7.714099884033203125 -7.714099884033203125 -18.694000244140625 -18.694000244140625 -18.694000244140625 -18.694000244140625 -7.8917999267578125 -7.8917999267578125 -7.8917999267578125 -7.8917999267578125 -0 -0 -0 -0 -0 -0 -0 -0 -0 -0 -0 -0 -4.2996997833251953125 -4.2996997833251953125 -4.2996997833251953125 -4.2996997833251953125 -14.143500328063964844 -14.143500328063964844 -14.143500328063964844
