testcase/zwarte_beek/input/seepage.asc
ncols        188
nrows        84
xllcorner    216580.000000000000
yllcorner    198160.000000000000
cellsize     5.000000000000
NODATA_value  -3.4028234663852885981e+38
[rows 0 to 20 of 84, columns 98 to 146 of 188]
-3.4028234663852885981e+38 -3.4028234663852885981e+38 -3.4028234663852885981e+38 -3.4028234663852885981e+38 -3.4028234663852885981e+38 -3.4028234663852885981e+38 -3.4028234663852885981e+38 -3.4028234663852885981e+38 -3.4028234663852885981e+38 -3.4028234663852885981e+38 -3.4028234663852885981e+38 -3.4028234663852885981e+38 -3.4028234663852885981e+38 -3.4028234663852885981e+38 -3.4028234663852885981e+38 -3.4028234663852885981e+38 -3.4028234663852885981e+38 -3.4028234663852885981e+38 -3.4028234663852885981e+38 -3.4028234663852885981e+38 -3.4028234663852885981e+38 -3.4028234663852885981e+38 -3.4028234663852885981e+38 -3.4028234663852885981e+38 -3.4028234663852885981e+38 -3.4028234663852885981e+38 -3.4028234663852885981e+38 -3.4028234663852885981e+38 -3.4028234663852885981e+38 -3.4028234663852885981e+38 -0 -0 -0 -0 -0 -0 -0 -0 -9.0775995254516601562 -9.0775995254516601562 -9.0775995254516601562 -9.0775995254516601562 -11.600899696350097656 -11.600899696350097656 -11.600899696350097656 -11.600899696350097656 -6.4380998611450195312 -6.4380998611450195312 -6.4380998611450195312
-3.4028234663852885981e+38 -3.4028234663852885981e+38 -3.4028234663852885981e+38 -3.4028234663852885981e+38 -3.4028234663852885981e+38 -3.4028234663852885981e+38 -3.4028234663852885981e+38 -3.4028234663852885981e+38 -3.4028234663852885981e+38 -3.4028234663852885981e+38 -3.4028234663852885981e+38 -3.4028234663852885981e+38 -3.4028234663852885981e+38 -3.4028234663852885981e+38 -3.4028234663852885981e+38 -3.4028234663852885981e+38 -3.4028234663852885981e+38 -3.4028234663852885981e+38 -3.4028234663852885981e+38 -3.4028234663852885981e+38 -3.4028234663852885981e+38 -3.4028234663852885981e+38 -3.4028234663852885981e+38 -3.4028234663852885981e+38 -3.4028234663852885981e+38 -3.4028234663852885981e+38 -3.4028234663852885981e+38 -3.4028234663852885981e+38 -3.4028234663852885981e+38 -3.4028234663852885981e+38 -0 -0 -0 -0 -0 -0 -0 -0 -9.0775995254516601562 -9.0775995254516601562 -9.0775995254516601562 -9.0775995254516601562 -11.600899696350097656 -11.600899696350097656 -11.600899696350097656 -11.600899696350097656 -6.4380998611450195312 -6.4380998611450195312 -6.4380998611450195312
-3.4028234663852885981e+38 -3.4028234663852885981e+38 -3.4028234663852885981e+38 -3.4028234663852885981e+38 -3.4028234663852885981e+38 -3.4028234663852885981e+38 -3.4028234663852885981e+38 -3.4028234663852885981e+38 -3.4028234663852885981e+38 -3.4028234663852885981e+38 -3.4028234663852885981e+38 -3.4028234663852885981e+38 -3.4028234663852885981e+38 -3.4028234663852885981e+38 -3.4028234663852885981e+38 -3.4028234663852885981e+38 -3.4028234663852885981e+38 -3.4028234663852885981e+38 -3.4028234663852885981e+38 -3.4028234663852885981e+38 -3.4028234663852885981e+38 -3.4028234663852885981e+38 -3.4028234663852885981e+38 -3.4028234663852885981e+38 -3.4028234663852885981e+38 -3.4028234663852885981e+38 -3.4028234663852885981e+38 -3.4028234663852885981e+38 -3.4028234663852885981e+38 -3.4028234663852885981e+38 -0 -0 -0 -0 -0 -0 -0 -0 -9.0775995254516601562 -9.0775995254516601562 -9.0775995254516601562 -9.0775995254516601562 -11.600899696350097656 -11.600899696350097656 -11.600899696350097656 -11.600899696350097656 -6.4380998611450195312 -6.4380998611450195312 -6.4380998611450195312
-3.4028234663852885981e+38 -3.4028234663852885981e+38 -3.4028234663852885981e+38 -3.4028234663852885981e+38 -3.4028234663852885981e+38 -3.4028234663852885981e+38 -3.4028234663852885981e+38 -3.4028234663852885981e+38 -3.4028234663852885981e+38 -3.4028234663852885981e+38 -3.4028234663852885981e+38 -3.4028234663852885981e+38 -3.4028234663852885981e+38 -3.4028234663852885981e+38 -3.4028234663852885981e+38 -3.4028234663852885981e+38 -3.4028234663852885981e+38 -3.4028234663852885981e+38 -3.4028234663852885981e+38 -3.4028234663852885981e+38 -3.4028234663852885981e+38 -3.4028234663852885981e+38 -3.4028234663852885981e+38 -3.4028234663852885981e+38 -3.4028234663852885981e+38 -3.4028234663852885981e+38 -3.4028234663852885981e+38 -3.4028234663852885981e+38 -3.4028234663852885981e+38 -3.4028234663852885981e+38 -0 -0 -0 -0 -0 -0 -0 -0 -9.0775995254516601562 -9.0775995254516601562 -9.0775995254516601562 -9.0775995254516601562 -11.600899696350097656 -11.600899696350097656 -11.600899696350097656 -11.600899696350097656 -6.4380998611450195312 -6.4380998611450195312 -6.4380998611450195312
-0 -0 -0 -0 -0 -0 -0 -0 -0 -0 -3.7462000846862792969 -3.7462000846862792969 -3.7462000846862792969 -3.7462000846862792969 -6.113800048828125 -6.113800048828125 -6.113800048828125 -6.113800048828125 -0 -0 -0 -0 -0 -0 -0 -0 -0 -0 -0 -0 -1.8049999475479125977 -1.8049999475479125977 -1.8049999475479125977 -1.8049999475479125977 -12.963999748229980469 -12.963999748229980469 -12.963999748229980469 -12.963999748229980469 -30.919500350952148438 -30.919500350952148438 -30.919500350952148438 -30.919500350952148438 -30.84600067138671875 -30.84600067138671875 -30.84600067138671875 -30.84600067138671875 -25.458299636840820312 -25.458299636840820312 -25.458299636840820312
-0 -0 -0 -0 -0 -0 -0 -0 -0 -0 -3.7462000846862792969 -3.7462000846862792969 -3.7462000846862792969 -3.7462000846862792969 -6.113800048828125 -6.113800048828125 -6.113800048828125 -6.113800048828125 -0 -0 -0 -0 -0 -0 -0 -0 -0 -0 -0 -0 -1.8049999475479125977 -1.8049999475479125977 -1.8049999475479125977 -1.8049999475479125977 -12.963999748229980469 -12.963999748229980469 -12.963999748229980469 -12.963999748229980469 -30.919500350952148438 -30.919500350952148438 -30.919500350952148438 -30.919500350952148438 -30.84600067138671875 -30.84600067138671875 -30.84600067138671875 -30.84600067138671875 -25.458299636840820312 -25.458299636840820312 -25.458299636840820312
-0 -0 -0 -0 -0 -0 -0 -0 -0 -0 -3.7462000846862792969 -3.7462000846862792969 -3.7462000846862792969 -3.7462000846862792969 -6.113800048828125 -6.113800048828125 -6.113800048828125 -6.113800048828125 -0 -0 -0 -0 -0 -0 -0 -0 -0 -0 -0 -0 -1.8049999475479125977 -1.8049999475479125977 -1.8049999475479125977 -1.8049999475479125977 -12.963999748229980469 -12.963999748229980469 -12.963999748229980469 -12.963999748229980469 -30.919500350952148438 -30.919500350952148438 -30.919500350952148438 -30.919500350952148438 -30.84600067138671875 -30.84600067138671875 -30.84600067138671875 -30.84600067138671875 -25.458299636840820312 -25.458299636840820312 -25.458299636840820312
-0 -0 -0 -0 -0 -0 -0 -0 -0 -0 -3.7462000846862792969 -3.7462000846862792969 -3.7462000846862792969 -3.7462000846862792969 -6.113800048828125 -6.113800048828125 -6.113800048828125 -6.113800048828125 -0 -0 -0 -0 -0 -0 -0 -0 -0 -0 -0 -0 -1.8049999475479125977 -1.8049999475479125977 -1.8049999475479125977 -1.8049999475479125977 -12.963999748229980469 -12.963999748229980469 -12.963999748229980469 -12.963999748229980469 -30.919500350952148438 -30.919500350952148438 -30.919500350952148438 -30.919500350952148438 -30.84600067138671875 -30.84600067138671875 -30.84600067138671875 -30.84600067138671875 -25.458299636840820312 -25.458299636840820312 -25.458299636840820312
-1.8867000341415405273 -1.8867000341415405273 -2.3743000030517578125 -2.3743000030517578125 -2.3743000030517578125 -2.3743000030517578125 -7.1181001663208007812 -7.1181001663208007812 -7.1181001663208007812 -7.1181001663208007812 -17.205600738525390625 -17.205600738525390625 -17.205600738525390625 -17.205600738525390625 -24.736200332641601562 -24.736200332641601562 -24.736200332641601562 -24.736200332641601562 -13.036000251770019531 -13.036000251770019531 -13.036000251770019531 -13.036000251770019531 -4.9758000373840332031 -4.9758000373840332031 -4.9758000373840332031 -4.9758000373840332031 -0 -0 -0 -0 -1.182500004768371582 -1.182500004768371582 -1.182500004768371582 -1.182500004768371582 -17.25839996337890625 -17.25839996337890625 -17.25839996337890625 -17.25839996337890625 -40.26300048828125 -40.26300048828125 -40.26300048828125 -40.26300048828125 -42.45330047607421875 -42.45330047607421875 -42.45330047607421875 -42.45330047607421875 -37.647800445556640625 -37.647800445556640625 -37.647800445556640625
-1.8867000341415405273 -1.8867000341415405273 -2.3743000030517578125 -2.3743000030517578125 -2.3743000030517578125 -2.3743000030517578125 -7.1181001663208007812 -7.1181001663208007812 -7.1181001663208007812 -7.1181001663208007812 -17.205600738525390625 -17.205600738525390625 -17.205600738525390625 -17.205600738525390625 -24.736200332641601562 -24.736200332641601562 -24.736200332641601562 -24.736200332641601562 -13.036000251770019531 -13.036000251770019531 -13.036000251770019531 -13.036000251770019531 -4.9758000373840332031 -4.9758000373840332031 -4.9758000373840332031 -4.9758000373840332031 -0 -0 -0 -0 -1.182500004768371582 -1.182500004768371582 -1.182500004768371582 -1.182500004768371582 -17.25839996337890625 -17.25839996337890625 -17.25839996337890625 -17.25839996337890625 -40.26300048828125 -40.26300048828125 -40.26300048828125 -40.26300048828125 -42.45330047607421875 -42.45330047607421875 -42.45330047607421875 -42.45330047607421875 -37.647800445556640625 -37.647800445556640625 -37.647800445556640625
-1.8867000341415405273 -1.8867000341415405273 -2.3743000030517578125 -2.3743000030517578125 -2.3743000030517578125 -2.3743000030517578125 -7.1181001663208007812 -7.1181001663208007812 -7.1181001663208007812 -7.1181001663208007812 -17.205600738525390625 -17.205600738525390625 -17.205600738525390625 -17.205600738525390625 -24.736200332641601562 -24.736200332641601562 -24.736200332641601562 -24.736200332641601562 -13.036000251770019531 -13.036000251770019531 -13.036000251770019531 -13.036000251770019531 -4.9758000373840332031 -4.9758000373840332031 -4.9758000373840332031 -4.9758000373840332031 -0 -0 -0 -0 -1.182500004768371582 -1.182500004768371582 -1.182500004768371582 -1.182500004768371582 -17.25839996337890625 -17.25839996337890625 -17.25839996337890625 -17.25839996337890625 -40.26300048828125 -40.26300048828125 -40.26300048828125 -40.26300048828125 -42.45330047607421875 -42.45330047607421875 -42.45330047607421875 -42.45330047607421875 -37.647800445556640625 -37.647800445556640625 -37.647800445556640625
-1.8867000341415405273 -1.8867000341415405273 -2.3743000030517578125 -2.3743000030517578125 -2.3743000030517578125 -2.3743000030517578125 -7.1181001663208007812 -7.1181001663208007812 -7.1181001663208007812 -7.1181001663208007812 -17.205600738525390625 -17.205600738525390625 -17.205600738525390625 -17.205600738525390625 -24.736200332641601562 -24.736200332641601562 -24.736200332641601562 -24.736200332641601562 -13.036000251770019531 -13.036000251770019531 -13.036000251770019531 -13.036000251770019531 -4.9758000373840332031 -4.9758000373840332031 -4.9758000373840332031 -4.9758000373840332031 -0 -0 -0 -0 -1.182500004768371582 -1.182500004768371582 -1.182500004768371582 -1.182500004768371582 -17.25839996337890625 -17.25839996337890625 -17.25839996337890625 -17.25839996337890625 -40.26300048828125 -40.26300048828125 -40.26300048828125 -40.26300048828125 -42.45330047607421875 -42.45330047607421875 -42.45330047607421875 -42.45330047607421875 -37.647800445556640625 -37.647800445556640625 -37.647800445556640625
-3.1675999164581298828 -3.1675999164581298828 -6.4755997657775878906 -6.4755997657775878906 -6.4755997657775878906 -6.4755997657775878906 -12.149700164794921875 -12.149700164794921875 -12.149700164794921875 -12.149700164794921875 -19.533000946044921875 -19.533000946044921875 -19.533000946044921875 -19.533000946044921875 -24.139400482177734375 -24.139400482177734375 -24.139400482177734375 -24.139400482177734375 -18.736499786376953125 -18.736499786376953125 -18.736499786376953125 -18.736499786376953125 -11.135600090026855469 -11.135600090026855469 -11.135600090026855469 -11.135600090026855469 -4.2624998092651367188 -4.2624998092651367188 -4.2624998092651367188 -4.2624998092651367188 -2.8573999404907226562 -2.8573999404907226562 -2.8573999404907226562 -2.8573999404907226562 -15.321900367736816406 -15.321900367736816406 -15.321900367736816406 -15.321900367736816406 -49.29180145263671875 -49.29180145263671875 -49.29180145263671875 -49.29180145263671875 -48.66230010986328125 -48.66230010986328125 -48.66230010986328125 -48.66230010986328125 -42.5475006103515625 -42.5475006103515625 -42.5475006103515625
-3.1675999164581298828 -3.1675999164581298828 -6.4755997657775878906 -6.4755997657775878906 -6.4755997657775878906 -6.4755997657775878906 -12.149700164794921875 -12.149700164794921875 -12.149700164794921875 -12.149700164794921875 -19.533000946044921875 -19.533000946044921875 -19.533000946044921875 -19.533000946044921875 -24.139400482177734375 -24.139400482177734375 -24.139400482177734375 -24.139400482177734375 -18.736499786376953125 -18.736499786376953125 -18.736499786376953125 -18.736499786376953125 -11.135600090026855469 -11.135600090026855469 -11.135600090026855469 -11.135600090026855469 -4.2624998092651367188 -4.2624998092651367188 -4.2624998092651367188 -4.2624998092651367188 -2.8573999404907226562 -2.8573999404907226562 -2.8573999404907226562 -2.8573999404907226562 -15.321900367736816406 -15.321900367736816406 -15.321900367736816406 -15.321900367736816406 -49.29180145263671875 -49.29180145263671875 -49.29180145263671875 -49.29180145263671875 -48.66230010986328125 -48.66230010986328125 -48.66230010986328125 -48.66230010986328125 -42.5475006103515625 -42.5475006103515625 -42.5475006103515625
-3.1675999164581298828 -3.1675999164581298828 -6.4755997657775878906 -6.4755997657775878906 -6.4755997657775878906 -6.4755997657775878906 -12.149700164794921875 -12.149700164794921875 -12.149700164794921875 -12.149700164794921875 -19.533000946044921875 -19.533000946044921875 -19.533000946044921875 -19.533000946044921875 -24.139400482177734375 -24.139400482177734375 -24.139400482177734375 -24.139400482177734375 -18.736499786376953125 -18.736499786376953125 -18.736499786376953125 -18.736499786376953125 -11.135600090026855469 -11.135600090026855469 -11.135600090026855469 -11.135600090026855469 -4.2624998092651367188 -4.2624998092651367188 -4.2624998092651367188 -4.2624998092651367188 -2.8573999404907226562 -2.8573999404907226562 -2.8573999404907226562 -2.8573999404907226562 -15.321900367736816406 -15.321900367736816406 -15.321900367736816406 -15.321900367736816406 -49.29180145263671875 -49.29180145263671875 -49.29180145263671875 -49.29180145263671875 -48.66230010986328125 -48.66230010986328125 -48.66230010986328125 -48.66230010986328125 -42.5475006103515625 -42.5475006103515625 -42.5475006103515625
-3.1675999164581298828 -3.1675999164581298828 -6.4755997657775878906 -6.4755997657775878906 -6.4755997657775878906 -6.4755997657775878906 -12.149700164794921875 -12.149700164794921875 -12.149700164794921875 -12.149700164794921875 -19.533000946044921875 -19.533000946044921875 -19.533000946044921875 -19.533000946044921875 -24.139400482177734375 -24.139400482177734375 -24.139400482177734375 -24.139400482177734375 -18.736499786376953125 -18.736499786376953125 -18.736499786376953125 -18.736499786376953125 -11.135600090026855469 -11.135600090026855469 -11.135600090026855469 -11.135600090026855469 -4.2624998092651367188 -4.2624998092651367188 -4.2624998092651367188 -4.2624998092651367188 -2.8573999404907226562 -2.8573999404907226562 -2.8573999404907226562 -2.8573999404907226562 -15.321900367736816406 -15.321900367736816406 -15.321900367736816406 -15.321900367736816406 -49.29180145263671875 -49.29180145263671875 -49.29180145263671875 -49.29180145263671875 -48.66230010986328125 -48.66230010986328125 -48.66230010986328125 -48.66230010986328125 -42.5475006103515625 -42.5475006103515625 -42.5475006103515625
-1.6452000141143798828 -1.6452000141143798828 -6.1647000312805175781 -6.1647000312805175781 -6.1647000312805175781 -6.1647000312805175781 -11.846699714660644531 -11.846699714660644531 -11.846699714660644531 -11.846699714660644531 -17.792499542236328125 -17.792499542236328125 -17.792499542236328125 -17.792499542236328125 -21.591199874877929688 -21.591199874877929688 -21.591199874877929688 -21.591199874877929688 -20.086500167846679688 -20.086500167846679688 -20.086500167846679688 -20.086500167846679688 -14.561100006103515625 -14.561100006103515625 -14.561100006103515625 -14.561100006103515625 -6.3800001144409179688 -6.3800001144409179688 -6.3800001144409179688 -6.3800001144409179688 -2.1161999702453613281 -2.1161999702453613281 -2.1161999702453613281 -2.1161999702453613281 -10.252900123596191406 -10.252900123596191406 -10.252900123596191406 -10.252900123596191406 -36.5149993896484375 -36.5149993896484375 -36.5149993896484375 -36.5149993896484375 -42.669300079345703125 -42.669300079345703125 -42.669300079345703125 -42.669300079345703125 -39.4420013427734375 -39.4420013427734375 -39.4420013427734375
-1.6452000141143798828 -1.6452000141143798828 -6.1647000312805175781 -6.1647000312805175781 -6.1647000312805175781 -6.1647000312805175781 -11.846699714660644531 -11.846699714660644531 -11.846699714660644531 -11.846699714660644531 -17.792499542236328125 -17.792499542236328125 -17.792499542236328125 -17.792499542236328125 -21.591199874877929688 -21.591199874877929688 -21.591199874877929688 -21.591199874877929688 -20.086500167846679688 -20.086500167846679688 -20.086500167846679688 -20.086500167846679688 -14.561100006103515625 -14.561100006103515625 -14.561100006103515625 -14.561100006103515625 -6.3800001144409179688 -6.3800001144409179688 -6.3800001144409179688 -6.3800001144409179688 -2.1161999702453613281 -2.1161999702453613281 -2.1161999702453613281 -2.1161999702453613281 -10.252900123596191406 -10.252900123596191406 -10.252900123596191406 -10.252900123596191406 -36.5149993896484375 -36.5149993896484375 -36.5149993896484375 -36.5149993896484375 -42.669300079345703125 -42.669300079345703125 -42.669300079345703125 -42.669300079345703125 -39.4420013427734375 -39.4420013427734375 -39.4420013427734375
-1.6452000141143798828 -1.6452000141143798828 -6.1647000312805175781 -6.1647000312805175781 -6.1647000312805175781 -6.1647000312805175781 -11.846699714660644531 -11.846699714660644531 -11.846699714660644531 -11.846699714660644531 -17.792499542236328125 -17.792499542236328125 -17.792499542236328125 -17.792499542236328125 -21.591199874877929688 -21.591199874877929688 -21.591199874877929688 -21.591199874877929688 -20.086500167846679688 -20.086500167846679688 -20.086500167846679688 -20.086500167846679688 -14.561100006103515625 -14.561100006103515625 -14.561100006103515625 -14.561100006103515625 -6.3800001144409179688 -6.3800001144409179688 -6.3800001144409179688 -6.3800001144409179688 -2.1161999702453613281 -2.1161999702453613281 -2.1161999702453613281 -2.1161999702453613281 -10.252900123596191406 -10.252900123596191406 -10.252900123596191406 -10.252900123596191406 -36.5149993896484375 -36.5149993896484375 -36.5149993896484375 -36.5149993896484375 -42.669300079345703125 -42.669300079345703125 -42.669300079345703125 -42.669300079345703125 -39.4420013427734375 -39.4420013427734375 -39.4420013427734375
-1.6452000141143798828 -1.6452000141143798828 -6.1647000312805175781 -6.1647000312805175781 -6.1647000312805175781 -6.1647000312805175781 -11.846699714660644531 -11.846699714660644531 -11.846699714660644531 -11.846699714660644531 -17.792499542236328125 -17.792499542236328125 -17.792499542236328125 -17.792499542236328125 -21.591199874877929688 -21.591199874877929688 -21.591199874877929688 -21.591199874877929688 -20.086500167846679688 -20.086500167846679688 -20.086500167846679688 -20.086500167846679688 -14.561100006103515625 -14.561100006103515625 -14.561100006103515625 -14.561100006103515625 -6.3800001144409179688 -6.3800001144409179688 -6.3800001144409179688 -6.3800001144409179688 -2.1161999702453613281 -2.1161999702453613281 -2.1161999702453613281 -2.1161999702453613281 -10.252900123596191406 -10.252900123596191406 -10.252900123596191406 -10.252900123596191406 -36.5149993896484375 -36.5149993896484375 -36.5149993896484375 -36.5149993896484375 -42.669300079345703125 -42.669300079345703125 -42.669300079345703125 -42.669300079345703125 -39.4420013427734375 -39.4420013427734375 -39.4420013427734375
-0 -0 -3.9191999435424804688 -3.9191999435424804688 -3.9191999435424804688 -3.9191999435424804688 -9.7012996673583984375 -9.7012996673583984375 -9.7012996673583984375 -9.7012996673583984375 -15.387599945068359375 -15.387599945068359375 -15.387599945068359375 -15.387599945068359375 -20.141300201416015625 -20.141300201416015625 -20.141300201416015625 -20.141300201416015625 -3.4028234663852885981e+38 -3.4028234663852885981e+38 -3.4028234663852885981e+38 -3.4028234663852885981e+38 -3.4028234663852885981e+38 -3.4028234663852885981e+38 -3.4028234663852885981e+38 -3.4028234663852885981e+38 -9.4319000244140625 -9.4319000244140625 -9.4319000244140625 -9.4319000244140625 -2.8211998939514160156 -2.8211998939514160156 -2.8211998939514160156 -2.8211998939514160156 -14.313300132751464844 -14.313300132751464844 -14.313300132751464844 -14.313300132751464844 -34.053501129150390625 -34.053501129150390625 -34.053501129150390625 -34.053501129150390625 -38.314998626708984375 -38.314998626708984375 -38.314998626708984375 -38.314998626708984375 -34.566501617431640625 -34.566501617431640625 -34.566501617431640625
