testcase/zwarte_beek/input/seepage.asc
ncols        188
nrows        84
xllcorner    216580.000000000000
yllcorner    198160.000000000000
cellsize     5.000000000000
NODATA_value  -3.4028234663852885981e+38
[rows 42 to 62 of 84, columns 49 to 97 of 188]
-40.75350189208984375 -40.75350189208984375 -40.75350189208984375 -32.198699951171875 -32.198699951171875 -32.198699951171875 -32.198699951171875 -26.277500152587890625 -26.277500152587890625 -26.277500152587890625 -26.277500152587890625 -23.3376007080078125 -23.3376007080078125 -23.3376007080078125 -23.3376007080078125 -19.429800033569335938 -19.429800033569335938 -19.429800033569335938 -19.429800033569335938 -4.179599761962890625 -4.179599761962890625 -4.179599761962890625 -4.179599761962890625 -0 -0 -0 -0 -0 -0 -0 -0 -0 -0 -0 -0 -0 -0 -0 -0 -2.9672999382019042969 -2.9672999382019042969 -2.9672999382019042969 -2.9672999382019042969 -7.1638998985290527344 -7.1638998985290527344 -7.1638998985290527344 -7.1638998985290527344 -10.105999946594238281 -10.105999946594238281
-40.75350189208984375 -40.75350189208984375 -40.75350189208984375 -32.198699951171875 -32.198699951171875 -32.198699951171875 -32.198699951171875 -26.277500152587890625 -26.277500152587890625 -26.277500152587890625 -26.277500152587890625 -23.3376007080078125 -23.3376007080078125 -23.3376007080078125 -23.3376007080078125 -19.429800033569335938 -19.429800033569335938 -19.429800033569335938 -19.429800033569335938 -4.179599761962890625 -4.179599761962890625 -4.179599761962890625 -4.179599761962890625 -0 -0 -0 -0 -0 -0 -0 -0 -0 -0 -0 -0 -0 -0 -0 -0 -2.9672999382019042969 -2.9672999382019042969 -2.9672999382019042969 -2.9672999382019042969 -7.1638998985290527344 -7.1638998985290527344 -7.1638998985290527344 -7.1638998985290527344 -10.105999946594238281 -10.105999946594238281
-33.1269989013671875 -33.1269989013671875 -33.1269989013671875 -24.378000259399414062 -24.378000259399414062 -24.378000259399414062 -24.378000259399414062 -17.923299789428710938 -17.923299789428710938 -17.923299789428710938 -17.923299789428710938 -15.789500236511230469 -15.789500236511230469 -15.789500236511230469 -15.789500236511230469 -13.800299644470214844 -13.800299644470214844 -13.800299644470214844 -13.800299644470214844 -7.5612998008728027344 -7.5612998008728027344 -7.5612998008728027344 -7.5612998008728027344 -4.2526998519897460938 -4.2526998519897460938 -4.2526998519897460938 -4.2526998519897460938 -3.7658998966217041016 -3.7658998966217041016 -3.7658998966217041016 -3.7658998966217041016 -4.0109000205993652344 -4.0109000205993652344 -4.0109000205993652344 -4.0109000205993652344 -4.9966001510620117188 -4.9966001510620117188 -4.9966001510620117188 -4.9966001510620117188 -7.0647997856140136719 -7.0647997856140136719 -7.0647997856140136719 -7.0647997856140136719 -9.875499725341796875 -9.875499725341796875 -9.875499725341796875 -9.875499725341796875 -11.358599662780761719 -11.358599662780761719
-33.1269989013671875 -33.1269989013671875 -33.1269989013671875 -24.378000259399414062 -24.378000259399414062 -24.378000259399414062 -24.378000259399414062 -17.923299789428710938 -17.923299789428710938 -17.923299789428710938 -17.923299789428710938 -15.789500236511230469 -15.789500236511230469 -15.789500236511230469 -15.789500236511230469 -13.800299644470214844 -13.800299644470214844 -13.800299644470214844 -13.800299644470214844 -7.5612998008728027344 -7.5612998008728027344 -7.5612998008728027344 -7.5612998008728027344 -4.2526998519897460938 -4.2526998519897460938 -4.2526998519897460938 -4.2526998519897460938 -3.7658998966217041016 -3.7658998966217041016 -3.7658998966217041016 -3.7658998966217041016 -4.0109000205993652344 -4.0109000205993652344 -4.0109000205993652344 -4.0109000205993652344 -4.9966001510620117188 -4.9966001510620117188 -4.9966001510620117188 -4.9966001510620117188 -7.0647997856140136719 -7.0647997856140136719 -7.0647997856140136719 -7.0647997856140136719 -9.875499725341796875 -9.875499725341796875 -9.875499725341796875 -9.875499725341796875 -11.358599662780761719 -11.358599662780761719
-33.1269989013671875 -33.1269989013671875 -33.1269989013671875 -24.378000259399414062 -24.378000259399414062 -24.378000259399414062 -24.378000259399414062 -17.923299789428710938 -17.923299789428710938 -17.923299789428710938 -17.923299789428710938 -15.789500236511230469 -15.789500236511230469 -15.789500236511230469 -15.789500236511230469 -13.800299644470214844 -13.800299644470214844 -13.800299644470214844 -13.800299644470214844 -7.5612998008728027344 -7.5612998008728027344 -7.5612998008728027344 -7.5612998008728027344 -4.2526998519897460938 -4.2526998519897460938 -4.2526998519897460938 -4.2526998519897460938 -3.7658998966217041016 -3.7658998966217041016 -3.7658998966217041016 -3.7658998966217041016 -4.0109000205993652344 -4.0109000205993652344 -4.0109000205993652344 -4.0109000205993652344 -4.9966001510620117188 -4.9966001510620117188 -4.9966001510620117188 -4.9966001510620117188 -7.0647997856140136719 -7.0647997856140136719 -7.0647997856140136719 -7.0647997856140136719 -9.875499725341796875 -9.875499725341796875 -9.875499725341796875 -9.875499725341796875 -11.358599662780761719 -11.358599662780761719
-33.1269989013671875 -33.1269989013671875 -33.1269989013671875 -24.378000259399414062 -24.378000259399414062 -24.378000259399414062 -24.378000259399414062 -17.923299789428710938 -17.923299789428710938 -17.923299789428710938 -17.923299789428710938 -15.789500236511230469 -15.789500236511230469 -15.789500236511230469 -15.789500236511230469 -13.800299644470214844 -13.800299644470214844 -13.800299644470214844 -13.800299644470214844 -7.5612998008728027344 -7.5612998008728027344 -7.5612998008728027344 -7.5612998008728027344 -4.2526998519897460938 -4.2526998519897460938 -4.2526998519897460938 -4.2526998519897460938 -3.7658998966217041016 -3.7658998966217041016 -3.7658998966217041016 -3.7658998966217041016 -4.0109000205993652344 -4.0109000205993652344 -4.0109000205993652344 -4.0109000205993652344 -4.9966001510620117188 -4.9966001510620117188 -4.9966001510620117188 -4.9966001510620117188 -7.0647997856140136719 -7.0647997856140136719 -7.0647997856140136719 -7.0647997856140136719 -9.875499725341796875 -9.875499725341796875 -9.875499725341796875 -9.875499725341796875 -11.358599662780761719 -11.358599662780761719
-26.365999221801757812 -26.365999221801757812 -26.365999221801757812 -16.923200607299804688 -16.923200607299804688 -16.923200607299804688 -16.923200607299804688 -9.9475002288818359375 -9.9475002288818359375 -9.9475002288818359375 -9.9475002288818359375 -10.069000244140625 -10.069000244140625 -10.069000244140625 -10.069000244140625 -10.272899627685546875 -10.272899627685546875 -10.272899627685546875 -10.272899627685546875 -9.62220001220703125 -9.62220001220703125 -9.62220001220703125 -9.62220001220703125 -10.598600387573242188 -10.598600387573242188 -10.598600387573242188 -10.598600387573242188 -11.863599777221679688 -11.863599777221679688 -11.863599777221679688 -11.863599777221679688 -10.037799835205078125 -10.037799835205078125 -10.037799835205078125 -10.037799835205078125 -8.1346998214721679688 -8.1346998214721679688 -8.1346998214721679688 -8.1346998214721679688 -7.7965002059936523438 -7.7965002059936523438 -7.7965002059936523438 -7.7965002059936523438 -9.0243997573852539062 -9.0243997573852539062 -9.0243997573852539062 -9.0243997573852539062 -10.449399948120117188 -10.449399948120117188
-26.365999221801757812 -26.365999221801757812 -26.365999221801757812 -16.923200607299804688 -16.923200607299804688 -16.923200607299804688 -16.923200607299804688 -9.9475002288818359375 -9.9475002288818359375 -9.9475002288818359375 -9.9475002288818359375 -10.069000244140625 -10.069000244140625 -10.069000244140625 -10.069000244140625 -10.272899627685546875 -10.272899627685546875 -10.272899627685546875 -10.272899627685546875 -9.62220001220703125 -9.62220001220703125 -9.62220001220703125 -9.62220001220703125 -10.598600387573242188 -10.598600387573242188 -10.598600387573242188 -10.598600387573242188 -11.863599777221679688 -11.863599777221679688 -11.863599777221679688 -11.863599777221679688 -10.037799835205078125 -10.037799835205078125 -10.037799835205078125 -10.037799835205078125 -8.1346998214721679688 -8.1346998214721679688 -8.1346998214721679688 -8.1346998214721679688 -7.7965002059936523438 -7.7965002059936523438 -7.7965002059936523438 -7.7965002059936523438 -9.0243997573852539062 -9.0243997573852539062 -9.0243997573852539062 -9.0243997573852539062 -10.449399948120117188 -10.449399948120117188
-26.365999221801757812 -26.365999221801757812 -26.365999221801757812 -16.923200607299804688 -16.923200607299804688 -16.923200607299804688 -16.923200607299804688 -9.9475002288818359375 -9.9475002288818359375 -9.9475002288818359375 -9.9475002288818359375 -10.069000244140625 -10.069000244140625 -10.069000244140625 -10.069000244140625 -10.272899627685546875 -10.272899627685546875 -10.272899627685546875 -10.272899627685546875 -9.62220001220703125 -9.62220001220703125 -9.62220001220703125 -9.62220001220703125 -10.598600387573242188 -10.598600387573242188 -10.598600387573242188 -10.598600387573242188 -11.863599777221679688 -11.863599777221679688 -11.863599777221679688 -11.863599777221679688 -10.037799835205078125 -10.037799835205078125 -10.037799835205078125 -10.037799835205078125 -8.1346998214721679688 -8.1346998214721679688 -8.1346998214721679688 -8.1346998214721679688 -7.7965002059936523438 -7.7965002059936523438 -7.7965002059936523438 -7.7965002059936523438 -9.0243997573852539062 -9.0243997573852539062 -9.0243997573852539062 -9.0243997573852539062 -10.449399948120117188 -10.449399948120117188
-26.365999221801757812 -26.365999221801757812 -26.365999221801757812 -16.923200607299804688 -16.923200607299804688 -16.923200607299804688 -16.923200607299804688 -9.9475002288818359375 -9.9475002288818359375 -9.9475002288818359375 -9.9475002288818359375 -10.069000244140625 -10.069000244140625 -10.069000244140625 -10.069000244140625 -10.272899627685546875 -10.272899627685546875 -10.272899627685546875 -10.272899627685546875 -9.62220001220703125 -9.62220001220703125 -9.62220001220703125 -9.62220001220703125 -10.598600387573242188 -10.598600387573242188 -10.598600387573242188 -10.598600387573242188 -11.863599777221679688 -11.863599777221679688 -11.863599777221679688 -11.863599777221679688 -10.037799835205078125 -10.037799835205078125 -10.037799835205078125 -10.037799835205078125 -8.1346998214721679688 -8.1346998214721679688 -8.1346998214721679688 -8.1346998214721679688 -7.7965002059936523438 -7.7965002059936523438 -7.7965002059936523438 -7.7965002059936523438 -9.0243997573852539062 -9.0243997573852539062 -9.0243997573852539062 -9.0243997573852539062 -10.449399948120117188 -10.449399948120117188
-37.9636993408203125 -37.9636993408203125 -37.9636993408203125 -18.266500473022460938 -18.266500473022460938 -18.266500473022460938 -18.266500473022460938 -11.858099937438964844 -11.858099937438964844 -11.858099937438964844 -11.858099937438964844 -9.0290002822875976562 -9.0290002822875976562 -9.0290002822875976562 -9.0290002822875976562 -7.9983000755310058594 -7.9983000755310058594 -7.9983000755310058594 -7.9983000755310058594 -9.4247999191284179688 -9.4247999191284179688 -9.4247999191284179688 -9.4247999191284179688 -14.111700057983398438 -14.111700057983398438 -14.111700057983398438 -14.111700057983398438 -18.401399612426757812 -18.401399612426757812 -18.401399612426757812 -18.401399612426757812 -12.487400054931640625 -12.487400054931640625 -12.487400054931640625 -12.487400054931640625 -6.4506001472473144531 -6.4506001472473144531 -6.4506001472473144531 -6.4506001472473144531 -2.5882000923156738281 -2.5882000923156738281 -2.5882000923156738281 -2.5882000923156738281 -0 -0 -0 -0 -3.4028234663852885981e+38 -3.4028234663852885981e+38
-37.9636993408203125 -37.9636993408203125 -37.9636993408203125 -18.266500473022460938 -18.266500473022460938 -18.266500473022460938 -18.266500473022460938 -11.858099937438964844 -11.858099937438964844 -11.858099937438964844 -11.858099937438964844 -9.0290002822875976562 -9.0290002822875976562 -9.0290002822875976562 -9.0290002822875976562 -7.9983000755310058594 -7.9983000755310058594 -7.9983000755310058594 -7.9983000755310058594 -9.4247999191284179688 -9.4247999191284179688 -9.4247999191284179688 -9.4247999191284179688 -14.111700057983398438 -14.111700057983398438 -14.111700057983398438 -14.111700057983398438 -18.401399612426757812 -18.401399612426757812 -18.401399612426757812 -18.401399612426757812 -12.487400054931640625 -12.487400054931640625 -12.487400054931640625 -12.487400054931640625 -6.4506001472473144531 -6.4506001472473144531 -6.4506001472473144531 -6.4506001472473144531 -2.5882000923156738281 -2.5882000923156738281 -2.5882000923156738281 -2.5882000923156738281 -0 -0 -0 -0 -3.4028234663852885981e+38 -3.4028234663852885981e+38
-37.9636993408203125 -37.9636993408203125 -37.9636993408203125 -18.266500473022460938 -18.266500473022460938 -18.266500473022460938 -18.266500473022460938 -11.858099937438964844 -11.858099937438964844 -11.858099937438964844 -11.858099937438964844 -9.0290002822875976562 -9.0290002822875976562 -9.0290002822875976562 -9.0290002822875976562 -7.9983000755310058594 -7.9983000755310058594 -7.9983000755310058594 -7.9983000755310058594 -9.4247999191284179688 -9.4247999191284179688 -9.4247999191284179688 -9.4247999191284179688 -14.111700057983398438 -14.111700057983398438 -14.111700057983398438 -14.111700057983398438 -18.401399612426757812 -18.401399612426757812 -18.401399612426757812 -18.401399612426757812 -12.487400054931640625 -12.487400054931640625 -12.487400054931640625 -12.487400054931640625 -6.4506001472473144531 -6.4506001472473144531 -6.4506001472473144531 -6.4506001472473144531 -2.5882000923156738281 -2.5882000923156738281 -2.5882000923156738281 -2.5882000923156738281 -0 -0 -0 -0 -3.4028234663852885981e+38 -3.4028234663852885981e+38
-37.9636993408203125 -37.9636993408203125 -37.9636993408203125 -18.266500473022460938 -18.266500473022460938 -18.266500473022460938 -18.266500473022460938 -11.858099937438964844 -11.858099937438964844 -11.858099937438964844 -11.858099937438964844 -9.0290002822875976562 -9.0290002822875976562 -9.0290002822875976562 -9.0290002822875976562 -7.9983000755310058594 -7.9983000755310058594 -7.9983000755310058594 -7.9983000755310058594 -9.4247999191284179688 -9.4247999191284179688 -9.4247999191284179688 -9.4247999191284179688 -14.111700057983398438 -14.111700057983398438 -14.111700057983398438 -14.111700057983398438 -18.401399612426757812 -18.401399612426757812 -18.401399612426757812 -18.401399612426757812 -12.487400054931640625 -12.487400054931640625 -12.487400054931640625 -12.487400054931640625 -6.4506001472473144531 -6.4506001472473144531 -6.4506001472473144531 -6.4506001472473144531 -2.5882000923156738281 -2.5882000923156738281 -2.5882000923156738281 -2.5882000923156738281 -0 -0 -0 -0 -3.4028234663852885981e+38 -3.4028234663852885981e+38
-21.174100875854492188 -21.174100875854492188 -21.174100875854492188 -26.040800094604492188 -26.040800094604492188 -26.040800094604492188 -26.040800094604492188 -17.867200851440429688 -17.867200851440429688 -17.867200851440429688 -17.867200851440429688 -8.416500091552734375 -8.416500091552734375 -8.416500091552734375 -8.416500091552734375 -2.8322999477386474609 -2.8322999477386474609 -2.8322999477386474609 -2.8322999477386474609 -3.1468999385833740234 -3.1468999385833740234 -3.1468999385833740234 -3.1468999385833740234 -10.376500129699707031 -10.376500129699707031 -10.376500129699707031 -10.376500129699707031 -19.841699600219726562 -19.841699600219726562 -19.841699600219726562 -19.841699600219726562 -6.6984000205993652344 -6.6984000205993652344 -6.6984000205993652344 -6.6984000205993652344 -0 -0 -0 -0 -0 -0 -0 -0 -0 -0 -0 -0 -3.4028234663852885981e+38 -3.4028234663852885981e+38
-21.174100875854492188 -21.174100875854492188 -21.174100875854492188 -26.040800094604492188 -26.040800094604492188 -26.040800094604492188 -26.040800094604492188 -17.867200851440429688 -17.867200851440429688 -17.867200851440429688 -17.867200851440429688 -8.416500091552734375 -8.416500091552734375 -8.416500091552734375 -8.416500091552734375 -2.8322999477386474609 -2.8322999477386474609 -2.8322999477386474609 -2.8322999477386474609 -3.1468999385833740234 -3.1468999385833740234 -3.1468999385833740234 -3.1468999385833740234 -10.376500129699707031 -10.376500129699707031 -10.376500129699707031 -10.376500129699707031 -19.841699600219726562 -19.841699600219726562 -19.841699600219726562 -19.841699600219726562 -6.6984000205993652344 -6.6984000205993652344 -6.6984000205993652344 -6.6984000205993652344 -0 -0 -0 -0 -0 -0 -0 -0 -0 -0 -0 -0 -3.4028234663852885981e+38 -3.4028234663852885981e+38
-21.174100875854492188 -21.174100875854492188 -21.174100875854492188 -26.040800094604492188 -26.040800094604492188 -26.040800094604492188 -26.040800094604492188 -17.867200851440429688 -17.867200851440429688 -17.867200851440429688 -17.867200851440429688 -8.416500091552734375 -8.416500091552734375 -8.416500091552734375 -8.416500091552734375 -2.8322999477386474609 -2.8322999477386474609 -2.8322999477386474609 -2.8322999477386474609 -3.1468999385833740234 -3.1468999385833740234 -3.1468999385833740234 -3.1468999385833740234 -10.376500129699707031 -10.376500129699707031 -10.376500129699707031 -10.376500129699707031 -19.841699600219726562 -19.841699600219726562 -19.841699600219726562 -19.841699600219726562 -6.6984000205993652344 -6.6984000205993652344 -6.6984000205993652344 -6.6984000205993652344 -0 -0 -0 -0 -0 -0 -0 -0 -0 -0 -0 -0 -3.4028234663852885981e+38 -3.4028234663852885981e+38
-21.174100875854492188 -21.174100875854492188 -21.174100875854492188 -26.040800094604492188 -26.040800094604492188 -26.040800094604492188 -26.040800094604492188 -17.867200851440429688 -17.867200851440429688 -17.867200851440429688 -17.867200851440429688 -8.416500091552734375 -8.416500091552734375 -8.416500091552734375 -8.416500091552734375 -2.8322999477386474609 -2.8322999477386474609 -2.8322999477386474609 -2.8322999477386474609 -3.1468999385833740234 -3.1468999385833740234 -3.1468999385833740234 -3.1468999385833740234 -10.376500129699707031 -10.376500129699707031 -10.376500129699707031 -10.376500129699707031 -19.841699600219726562 -19.841699600219726562 -19.841699600219726562 -19.841699600219726562 -6.6984000205993652344 -6.6984000205993652344 -6.6984000205993652344 -6.6984000205993652344 -0 -0 -0 -0 -0 -0 -0 -0 -0 -0 -0 -0 -3.4028234663852885981e+38 -3.4028234663852885981e+38
-33.723300933837890625 -33.723300933837890625 -33.723300933837890625 -41.354000091552734375 -41.354000091552734375 -41.354000091552734375 -41.354000091552734375 -20.852399826049804688 -20.852399826049804688 -20.852399826049804688 -20.852399826049804688 -1.7592999935150146484 -1.7592999935150146484 -1.7592999935150146484 -1.7592999935150146484 -0 -0 -0 -0 -0 -0 -0 -0 -0 -0 -0 -0 -0 -0 -0 -0 -0 -0 -0 -0 -0 -0 -0 -0 -0 -0 -0 -0 -3.4028234663852885981e+38 -3.4028234663852885981e+38 -3.4028234663852885981e+38 -3.4028234663852885981e+38 -3.4028234663852885981e+38 -3.4028234663852885981e+38
-33.723300933837890625 -33.723300933837890625 -33.723300933837890625 -41.354000091552734375 -41.354000091552734375 -41.354000091552734375 -41.354000091552734375 -20.852399826049804688 -20.852399826049804688 -20.852399826049804688 -20.852399826049804688 -1.7592999935150146484 -1.7592999935150146484 -1.7592999935150146484 -1.7592999935150146484 -0 -0 -0 -0 -0 -0 -0 -0 -0 -0 -0 -0 -0 -0 -0 -0 -0 -0 -0 -0 -0 -0 -0 -0 -0 -0 -0 -0 -3.4028234663852885981e+38 -3.4028234663852885981e+38 -3.4028234663852885981e+38 -3.4028234663852885981e+38 -3.4028234663852885981e+38 -3.4028234663852885981e+38
-33.723300933837890625 -33.723300933837890625 -33.723300933837890625 -41.354000091552734375 -41.354000091552734375 -41.354000091552734375 -41.354000091552734375 -20.852399826049804688 -20.852399826049804688 -20.852399826049804688 -20.852399826049804688 -1.7592999935150146484 -1.7592999935150146484 -1.7592999935150146484 -1.7592999935150146484 -0 -0 -0 -0 -0 -0 -0 -0 -0 -0 -0 -0 -0 -0 -0 -0 -0 -0 -0 -0 -0 -0 -0 -0 -0 -0 -0 -0 -3.4028234663852885981e+38 -3.4028234663852885981e+38 -3.4028234663852885981e+38 -3.4028234663852885981e+38 -3.4028234663852885981e+38 -3.4028234663852885981e+38
