testcase/zwarte_beek/input/seepage.asc
ncols        188
nrows        84
xllcorner    216580.000000000000
yllcorner    198160.000000000000
cellsize     5.000000000000
NODATA_value  -3.4028234663852885981e+38
[rows 0 to 20 of 84, columns 49 to 97 of 188]
-3.4028234663852885981e+38 -3.4028234663852885981e+38 -3.4028234663852885981e+38 -3.4028234663852885981e+38 -3.4028234663852885981e+38 -3.4028234663852885981e+38 -3.4028234663852885981e+38 -3.4028234663852885981e+38 -3.4028234663852885981e+38 -3.4028234663852885981e+38 -3.4028234663852885981e+38 -3.4028234663852885981e+38 -3.4028234663852885981e+38 -3.4028234663852885981e+38 -3.4028234663852885981e+38 -3.4028234663852885981e+38 -3.4028234663852885981e+38 -3.4028234663852885981e+38 -3.4028234663852885981e+38 -3.4028234663852885981e+38 -3.4028234663852885981e+38 -3.4028234663852885981e+38 -3.4028234663852885981e+38 -3.4028234663852885981e+38 -3.4028234663852885981e+38 -3.4028234663852885981e+38 -3.4028234663852885981e+38 -3.4028234663852885981e+38 -3.4028234663852885981e+38 -3.4028234663852885981e+38 -3.4028234663852885981e+38 -3.4028234663852885981e+38 -3.4028234663852885981e+38 -3.4028234663852885981e+38 -3.4028234663852885981e+38 -3.4028234663852885981e+38 -3.4028234663852885981e+38 -3.4028234663852885981e+38 -3.4028234663852885981e+38 -3.4028234663852885981e+38 -3.4028234663852885981e+38 -3.4028234663852885981e+38 -3.4028234663852885981e+38 -3.4028234663852885981e+38 -3.4028234663852885981e+38 -3.4028234663852885981e+38 -3.4028234663852885981e+38 -3.4028234663852885981e+38 -3.4028234663852885981e+38
-3.4028234663852885981e+38 -3.4028234663852885981e+38 -3.4028234663852885981e+38 -3.4028234663852885981e+38 -3.4028234663852885981e+38 -3.4028234663852885981e+38 -3.4028234663852885981e+38 -3.4028234663852885981e+38 -3.4028234663852885981e+38 -3.4028234663852885981e+38 -3.4028234663852885981e+38 -3.4028234663852885981e+38 -3.4028234663852885981e+38 -3.4028234663852885981e+38 -3.4028234663852885981e+38 -3.4028234663852885981e+38 -3.4028234663852885981e+38 -3.4028234663852885981e+38 -3.4028234663852885981e+38 -3.4028234663852885981e+38 -3.4028234663852885981e+38 -3.4028234663852885981e+38 -3.4028234663852885981e+38 -3.4028234663852885981e+38 -3.4028234663852885981e+38 -3.4028234663852885981e+38 -3.4028234663852885981e+38 -3.4028234663852885981e+38 -3.4028234663852885981e+38 -3.4028234663852885981e+38 -3.4028234663852885981e+38 -3.4028234663852885981e+38 -3.4028234663852885981e+38 -3.4028234663852885981e+38 -3.4028234663852885981e+38 -3.4028234663852885981e+38 -3.4028234663852885981e+38 -3.4028234663852885981e+38 -3.4028234663852885981e+38 -3.4028234663852885981e+38 -3.4028234663852885981e+38 -3.4028234663852885981e+38 -3.4028234663852885981e+38 -3.4028234663852885981e+38 -3.4028234663852885981e+38 -3.4028234663852885981e+38 -3.4028234663852885981e+38 -3.4028234663852885981e+38 -3.4028234663852885981e+38
-3.4028234663852885981e+38 -3.4028234663852885981e+38 -3.4028234663852885981e+38 -3.4028234663852885981e+38 -3.4028234663852885981e+38 -3.4028234663852885981e+38 -3.4028234663852885981e+38 -3.4028234663852885981e+38 -3.4028234663852885981e+38 -3.4028234663852885981e+38 -3.4028234663852885981e+38 -3.4028234663852885981e+38 -3.4028234663852885981e+38 -3.4028234663852885981e+38 -3.4028234663852885981e+38 -3.4028234663852885981e+38 -3.4028234663852885981e+38 -3.4028234663852885981e+38 -3.4028234663852885981e+38 -3.4028234663852885981e+38 -3.4028234663852885981e+38 -3.4028234663852885981e+38 -3.4028234663852885981e+38 -3.4028234663852885981e+38 -3.4028234663852885981e+38 -3.4028234663852885981e+38 -3.4028234663852885981e+38 -3.4028234663852885981e+38 -3.4028234663852885981e+38 -3.4028234663852885981e+38 -3.4028234663852885981e+38 -3.4028234663852885981e+38 -3.4028234663852885981e+38 -3.4028234663852885981e+38 -3.4028234663852885981e+38 -3.4028234663852885981e+38 -3.4028234663852885981e+38 -3.4028234663852885981e+38 -3.4028234663852885981e+38 -3.4028234663852885981e+38 -3.4028234663852885981e+38 -3.4028234663852885981e+38 -3.4028234663852885981e+38 -3.4028234663852885981e+38 -3.4028234663852885981e+38 -3.4028234663852885981e+38 -3.4028234663852885981e+38 -3.4028234663852885981e+38 -3.4028234663852885981e+38
-3.4028234663852885981e+38 -3.4028234663852885981e+38 -3.4028234663852885981e+38 -3.4028234663852885981e+38 -3.4028234663852885981e+38 -3.4028234663852885981e+38 -3.4028234663852885981e+38 -3.4028234663852885981e+38 -3.4028234663852885981e+38 -3.4028234663852885981e+38 -3.4028234663852885981e+38 -3.4028234663852885981e+38 -3.4028234663852885981e+38 -3.4028234663852885981e+38 -3.4028234663852885981e+38 -3.4028234663852885981e+38 -3.4028234663852885981e+38 -3.4028234663852885981e+38 -3.4028234663852885981e+38 -3.4028234663852885981e+38 -3.4028234663852885981e+38 -3.4028234663852885981e+38 -3.4028234663852885981e+38 -3.4028234663852885981e+38 -3.4028234663852885981e+38 -3.4028234663852885981e+38 -3.4028234663852885981e+38 -3.4028234663852885981e+38 -3.4028234663852885981e+38 -3.4028234663852885981e+38 -3.4028234663852885981e+38 -3.4028234663852885981e+38 -3.4028234663852885981e+38 -3.4028234663852885981e+38 -3.4028234663852885981e+38 -3.4028234663852885981e+38 -3.4028234663852885981e+38 -3.4028234663852885981e+38 -3.4028234663852885981e+38 -3.4028234663852885981e+38 -3.4028234663852885981e+38 -3.4028234663852885981e+38 -3.4028234663852885981e+38 -3.4028234663852885981e+38 -3.4028234663852885981e+38 -3.4028234663852885981e+38 -3.4028234663852885981e+38 -3.4028234663852885981e+38 -3.4028234663852885981e+38
-3.4028234663852885981e+38 -3.4028234663852885981e+38 -3.4028234663852885981e+38 -3.4028234663852885981e+38 -3.4028234663852885981e+38 -3.4028234663852885981e+38 -3.4028234663852885981e+38 -0 -0 -0 -0 -1.5017000436782836914 -1.5017000436782836914 -1.5017000436782836914 -1.5017000436782836914 -3.1831998825073242188 -3.1831998825073242188 -3.1831998825073242188 -3.1831998825073242188 -2.7490999698638916016 -2.7490999698638916016 -2.7490999698638916016 -2.7490999698638916016 -4.34980010986328125 -4.34980010986328125 -4.34980010986328125 -4.34980010986328125 -5.9415998458862304688 -5.9415998458862304688 -5.9415998458862304688 -5.9415998458862304688 -6.854000091552734375 -6.854000091552734375 -6.854000091552734375 -6.854000091552734375 -6.6076002120971679688 -6.6076002120971679688 -6.6076002120971679688 -6.6076002120971679688 -4.969699859619140625 -4.969699859619140625 -4.969699859619140625 -4.969699859619140625 -1.8935999870300292969 -1.8935999870300292969 -1.8935999870300292969 -1.8935999870300292969 -0 -0
-3.4028234663852885981e+38 -3.4028234663852885981e+38 -3.4028234663852885981e+38 -3.4028234663852885981e+38 -3.4028234663852885981e+38 -3.4028234663852885981e+38 -3.4028234663852885981e+38 -0 -0 -0 -0 -1.5017000436782836914 -1.5017000436782836914 -1.5017000436782836914 -1.5017000436782836914 -3.1831998825073242188 -3.1831998825073242188 -3.1831998825073242188 -3.1831998825073242188 -2.7490999698638916016 -2.7490999698638916016 -2.7490999698638916016 -2.7490999698638916016 -4.34980010986328125 -4.34980010986328125 -4.34980010986328125 -4.34980010986328125 -5.9415998458862304688 -5.9415998458862304688 -5.9415998458862304688 -5.9415998458862304688 -6.854000091552734375 -6.854000091552734375 -6.854000091552734375 -6.854000091552734375 -6.6076002120971679688 -6.6076002120971679688 -6.6076002120971679688 -6.6076002120971679688 -4.969699859619140625 -4.969699859619140625 -4.969699859619140625 -4.969699859619140625 -1.8935999870300292969 -1.8935999870300292969 -1.8935999870300292969 -1.8935999870300292969 -0 -0
-3.4028234663852885981e+38 -3.4028234663852885981e+38 -3.4028234663852885981e+38 -3.4028234663852885981e+38 -3.4028234663852885981e+38 -3.4028234663852885981e+38 -3.4028234663852885981e+38 -0 -0 -0 -0 -1.5017000436782836914 -1.5017000436782836914 -1.5017000436782836914 -1.5017000436782836914 -3.1831998825073242188 -3.1831998825073242188 -3.1831998825073242188 -3.1831998825073242188 -2.7490999698638916016 -2.7490999698638916016 -2.7490999698638916016 -2.7490999698638916016 -4.34980010986328125 -4.34980010986328125 -4.34980010986328125 -4.34980010986328125 -5.9415998458862304688 -5.9415998458862304688 -5.9415998458862304688 -5.9415998458862304688 -6.854000091552734375 -6.854000091552734375 -6.854000091552734375 -6.854000091552734375 -6.6076002120971679688 -6.6076002120971679688 -6.6076002120971679688 -6.6076002120971679688 -4.969699859619140625 -4.969699859619140625 -4.969699859619140625 -4.969699859619140625 -1.8935999870300292969 -1.8935999870300292969 -1.8935999870300292969 -1.8935999870300292969 -0 -0
-3.4028234663852885981e+38 -3.4028234663852885981e+38 -3.4028234663852885981e+38 -3.4028234663852885981e+38 -3.4028234663852885981e+38 -3.4028234663852885981e+38 -3.4028234663852885981e+38 -0 -0 -0 -0 -1.5017000436782836914 -1.5017000436782836914 -1.5017000436782836914 -1.5017000436782836914 -3.1831998825073242188 -3.1831998825073242188 -3.1831998825073242188 -3.1831998825073242188 -2.7490999698638916016 -2.7490999698638916016 -2.7490999698638916016 -2.7490999698638916016 -4.34980010986328125 -4.34980010986328125 -4.34980010986328125 -4.34980010986328125 -5.9415998458862304688 -5.9415998458862304688 -5.9415998458862304688 -5.9415998458862304688 -6.854000091552734375 -6.854000091552734375 -6.854000091552734375 -6.854000091552734375 -6.6076002120971679688 -6.6076002120971679688 -6.6076002120971679688 -6.6076002120971679688 -4.969699859619140625 -4.969699859619140625 -4.969699859619140625 -4.969699859619140625 -1.8935999870300292969 -1.8935999870300292969 -1.8935999870300292969 -1.8935999870300292969 -0 -0
-3.4028234663852885981e+38 -3.4028234663852885981e+38 -3.4028234663852885981e+38 -3.4028234663852885981e+38 -3.4028234663852885981e+38 -3.4028234663852885981e+38 -3.4028234663852885981e+38 -0 -0 -0 -0 -6.4310998916625976562 -6.4310998916625976562 -6.4310998916625976562 -6.4310998916625976562 -9.2692003250122070312 -9.2692003250122070312 -9.2692003250122070312 -9.2692003250122070312 -8.0791997909545898438 -8.0791997909545898438 -8.0791997909545898438 -8.0791997909545898438 -6.7328000068664550781 -6.7328000068664550781 -6.7328000068664550781 -6.7328000068664550781 -5.7712001800537109375 -5.7712001800537109375 -5.7712001800537109375 -5.7712001800537109375 -5.05319976806640625 -5.05319976806640625 -5.05319976806640625 -5.05319976806640625 -4.3343000411987304688 -4.3343000411987304688 -4.3343000411987304688 -4.3343000411987304688 -3.4719998836517333984 -3.4719998836517333984 -3.4719998836517333984 -3.4719998836517333984 -2.5645000934600830078 -2.5645000934600830078 -2.5645000934600830078 -2.5645000934600830078 -1.8867000341415405273 -1.8867000341415405273
-3.4028234663852885981e+38 -3.4028234663852885981e+38 -3.4028234663852885981e+38 -3.4028234663852885981e+38 -3.4028234663852885981e+38 -3.4028234663852885981e+38 -3.4028234663852885981e+38 -0 -0 -0 -0 -6.4310998916625976562 -6.4310998916625976562 -6.4310998916625976562 -6.4310998916625976562 -9.2692003250122070312 -9.2692003250122070312 -9.2692003250122070312 -9.2692003250122070312 -8.0791997909545898438 -8.0791997909545898438 -8.0791997909545898438 -8.0791997909545898438 -6.7328000068664550781 -6.7328000068664550781 -6.7328000068664550781 -6.7328000068664550781 -5.7712001800537109375 -5.7712001800537109375 -5.7712001800537109375 -5.7712001800537109375 -5.05319976806640625 -5.05319976806640625 -5.05319976806640625 -5.05319976806640625 -4.3343000411987304688 -4.3343000411987304688 -4.3343000411987304688 -4.3343000411987304688 -3.4719998836517333984 -3.4719998836517333984 -3.4719998836517333984 -3.4719998836517333984 -2.5645000934600830078 -2.5645000934600830078 -2.5645000934600830078 -2.5645000934600830078 -1.8867000341415405273 -1.8867000341415405273
-3.4028234663852885981e+38 -3.4028234663852885981e+38 -3.4028234663852885981e+38 -3.4028234663852885981e+38 -3.4028234663852885981e+38 -3.4028234663852885981e+38 -3.4028234663852885981e+38 -0 -0 -0 -0 -6.4310998916625976562 -6.4310998916625976562 -6.4310998916625976562 -6.4310998916625976562 -9.2692003250122070312 -9.2692003250122070312 -9.2692003250122070312 -9.2692003250122070312 -8.0791997909545898438 -8.0791997909545898438 -8.0791997909545898438 -8.0791997909545898438 -6.7328000068664550781 -6.7328000068664550781 -6.7328000068664550781 -6.7328000068664550781 -5.7712001800537109375 -5.7712001800537109375 -5.7712001800537109375 -5.7712001800537109375 -5.05319976806640625 -5.05319976806640625 -5.05319976806640625 -5.05319976806640625 -4.3343000411987304688 -4.3343000411987304688 -4.3343000411987304688 -4.3343000411987304688 -3.4719998836517333984 -3.4719998836517333984 -3.4719998836517333984 -3.4719998836517333984 -2.5645000934600830078 -2.5645000934600830078 -2.5645000934600830078 -2.5645000934600830078 -1.8867000341415405273 -1.8867000341415405273
-3.4028234663852885981e+38 -3.4028234663852885981e+38 -3.4028234663852885981e+38 -3.4028234663852885981e+38 -3.4028234663852885981e+38 -3.4028234663852885981e+38 -3.4028234663852885981e+38 -0 -0 -0 -0 -6.4310998916625976562 -6.4310998916625976562 -6.4310998916625976562 -6.4310998916625976562 -9.2692003250122070312 -9.2692003250122070312 -9.2692003250122070312 -9.2692003250122070312 -8.0791997909545898438 -8.0791997909545898438 -8.0791997909545898438 -8.0791997909545898438 -6.7328000068664550781 -6.7328000068664550781 -6.7328000068664550781 -6.7328000068664550781 -5.7712001800537109375 -5.7712001800537109375 -5.7712001800537109375 -5.7712001800537109375 -5.05319976806640625 -5.05319976806640625 -5.05319976806640625 -5.05319976806640625 -4.3343000411987304688 -4.3343000411987304688 -4.3343000411987304688 -4.3343000411987304688 -3.4719998836517333984 -3.4719998836517333984 -3.4719998836517333984 -3.4719998836517333984 -2.5645000934600830078 -2.5645000934600830078 -2.5645000934600830078 -2.5645000934600830078 -1.8867000341415405273 -1.8867000341415405273
-3.4028234663852885981e+38 -3.4028234663852885981e+38 -3.4028234663852885981e+38 -3.4028234663852885981e+38 -3.4028234663852885981e+38 -3.4028234663852885981e+38 -3.4028234663852885981e+38 -4.9128999710083007812 -4.9128999710083007812 -4.9128999710083007812 -4.9128999710083007812 -12.671899795532226562 -12.671899795532226562 -12.671899795532226562 -12.671899795532226562 -13.048199653625488281 -13.048199653625488281 -13.048199653625488281 -13.048199653625488281 -10.179300308227539062 -10.179300308227539062 -10.179300308227539062 -10.179300308227539062 -6.8488001823425292969 -6.8488001823425292969 -6.8488001823425292969 -6.8488001823425292969 -4.1859002113342285156 -4.1859002113342285156 -4.1859002113342285156 -4.1859002113342285156 -2.4072999954223632812 -2.4072999954223632812 -2.4072999954223632812 -2.4072999954223632812 -1.3653999567031860352 -1.3653999567031860352 -1.3653999567031860352 -1.3653999567031860352 -1.0024000406265258789 -1.0024000406265258789 -1.0024000406265258789 -1.0024000406265258789 -1.4895999431610107422 -1.4895999431610107422 -1.4895999431610107422 -1.4895999431610107422 -3.1675999164581298828 -3.1675999164581298828
-3.4028234663852885981e+38 -3.4028234663852885981e+38 -3.4028234663852885981e+38 -3.4028234663852885981e+38 -3.4028234663852885981e+38 -3.4028234663852885981e+38 -3.4028234663852885981e+38 -4.9128999710083007812 -4.9128999710083007812 -4.9128999710083007812 -4.9128999710083007812 -12.671899795532226562 -12.671899795532226562 -12.671899795532226562 -12.671899795532226562 -13.048199653625488281 -13.048199653625488281 -13.048199653625488281 -13.048199653625488281 -10.179300308227539062 -10.179300308227539062 -10.179300308227539062 -10.179300308227539062 -6.8488001823425292969 -6.8488001823425292969 -6.8488001823425292969 -6.8488001823425292969 -4.1859002113342285156 -4.1859002113342285156 -4.1859002113342285156 -4.1859002113342285156 -2.4072999954223632812 -2.4072999954223632812 -2.4072999954223632812 -2.4072999954223632812 -1.3653999567031860352 -1.3653999567031860352 -1.3653999567031860352 -1.3653999567031860352 -1.0024000406265258789 -1.0024000406265258789 -1.0024000406265258789 -1.0024000406265258789 -1.4895999431610107422 -1.4895999431610107422 -1.4895999431610107422 -1.4895999431610107422 -3.1675999164581298828 -3.1675999164581298828
-3.4028234663852885981e+38 -3.4028234663852885981e+38 -3.4028234663852885981e+38 -3.4028234663852885981e+38 -3.4028234663852885981e+38 -3.4028234663852885981e+38 -3.4028234663852885981e+38 -4.9128999710083007812 -4.9128999710083007812 -4.9128999710083007812 -4.9128999710083007812 -12.671899795532226562 -12.671899795532226562 -12.671899795532226562 -12.671899795532226562 -13.048199653625488281 -13.048199653625488281 -13.048199653625488281 -13.048199653625488281 -10.179300308227539062 -10.179300308227539062 -10.179300308227539062 -10.179300308227539062 -6.8488001823425292969 -6.8488001823425292969 -6.8488001823425292969 -6.8488001823425292969 -4.1859002113342285156 -4.1859002113342285156 -4.1859002113342285156 -4.1859002113342285156 -2.4072999954223632812 -2.4072999954223632812 -2.4072999954223632812 -2.4072999954223632812 -1.3653999567031860352 -1.3653999567031860352 -1.3653999567031860352 -1.3653999567031860352 -1.0024000406265258789 -1.0024000406265258789 -1.0024000406265258789 -1.0024000406265258789 -1.4895999431610107422 -1.4895999431610107422 -1.4895999431610107422 -1.4895999431610107422 -3.1675999164581298828 -3.1675999164581298828
-3.4028234663852885981e+38 -3.4028234663852885981e+38 -3.4028234663852885981e+38 -3.4028234663852885981e+38 -3.4028234663852885981e+38 -3.4028234663852885981e+38 -3.4028234663852885981e+38 -4.9128999710083007812 -4.9128999710083007812 -4.9128999710083007812 -4.9128999710083007812 -12.671899795532226562 -12.671899795532226562 -12.671899795532226562 -12.671899795532226562 -13.048199653625488281 -13.048199653625488281 -13.048199653625488281 -13.048199653625488281 -10.179300308227539062 -10.179300308227539062 -10.179300308227539062 -10.179300308227539062 -6.8488001823425292969 -6.8488001823425292969 -6.8488001823425292969 -6.8488001823425292969 -4.1859002113342285156 -4.1859002113342285156 -4.1859002113342285156 -4.1859002113342285156 -2.4072999954223632812 -2.4072999954223632812 -2.4072999954223632812 -2.4072999954223632812 -1.3653999567031860352 -1.3653999567031860352 -1.3653999567031860352 -1.3653999567031860352 -1.0024000406265258789 -1.0024000406265258789 -1.0024000406265258789 -1.0024000406265258789 -1.4895999431610107422 -1.4895999431610107422 -1.4895999431610107422 -1.4895999431610107422 -3.1675999164581298828 -3.1675999164581298828
-3.4028234663852885981e+38 -3.4028234663852885981e+38 -3.4028234663852885981e+38 -0 -0 -0 -0 -14.319100379943847656 -14.319100379943847656 -14.319100379943847656 -14.319100379943847656 -18.382699966430664062 -18.382699966430664062 -18.382699966430664062 -18.382699966430664062 -15.823800086975097656 -15.823800086975097656 -15.823800086975097656 -15.823800086975097656 -10.616700172424316406 -10.616700172424316406 -10.616700172424316406 -10.616700172424316406 -5.2301998138427734375 -5.2301998138427734375 -5.2301998138427734375 -5.2301998138427734375 -1.1872999668121337891 -1.1872999668121337891 -1.1872999668121337891 -1.1872999668121337891 -0 -0 -0 -0 -0 -0 -0 -0 -0 -0 -0 -0 -0 -0 -0 -0 -1.6452000141143798828 -1.6452000141143798828
-3.4028234663852885981e+38 -3.4028234663852885981e+38 -3.4028234663852885981e+38 -0 -0 -0 -0 -14.319100379943847656 -14.319100379943847656 -14.319100379943847656 -14.319100379943847656 -18.382699966430664062 -18.382699966430664062 -18.382699966430664062 -18.382699966430664062 -15.823800086975097656 -15.823800086975097656 -15.823800086975097656 -15.823800086975097656 -10.616700172424316406 -10.616700172424316406 -10.616700172424316406 -10.616700172424316406 -5.2301998138427734375 -5.2301998138427734375 -5.2301998138427734375 -5.2301998138427734375 -1.1872999668121337891 -1.1872999668121337891 -1.1872999668121337891 -1.1872999668121337891 -0 -0 -0 -0 -0 -0 -0 -0 -0 -0 -0 -0 -0 -0 -0 -0 -1.6452000141143798828 -1.6452000141143798828
-3.4028234663852885981e+38 -3.4028234663852885981e+38 -3.4028234663852885981e+38 -0 -0 -0 -0 -14.319100379943847656 -14.319100379943847656 -14.319100379943847656 -14.319100379943847656 -18.382699966430664062 -18.382699966430664062 -18.382699966430664062 -18.382699966430664062 -15.823800086975097656 -15.823800086975097656 -15.823800086975097656 -15.823800086975097656 -10.616700172424316406 -10.616700172424316406 -10.616700172424316406 -10.616700172424316406 -5.2301998138427734375 -5.2301998138427734375 -5.2301998138427734375 -5.2301998138427734375 -1.1872999668121337891 -1.1872999668121337891 -1.1872999668121337891 -1.1872999668121337891 -0 -0 -0 -0 -0 -0 -0 -0 -0 -0 -0 -0 -0 -0 -0 -0 -1.6452000141143798828 -1.6452000141143798828
-3.4028234663852885981e+38 -3.4028234663852885981e+38 -3.4028234663852885981e+38 -0 -0 -0 -0 -14.319100379943847656 -14.319100379943847656 -14.319100379943847656 -14.319100379943847656 -18.382699966430664062 -18.382699966430664062 -18.382699966430664062 -18.382699966430664062 -15.823800086975097656 -15.823800086975097656 -15.823800086975097656 -15.823800086975097656 -10.616700172424316406 -10.616700172424316406 -10.616700172424316406 -10.616700172424316406 -5.2301998138427734375 -5.2301998138427734375 -5.2301998138427734375 -5.2301998138427734375 -1.1872999668121337891 -1.1872999668121337891 -1.1872999668121337891 -1.1872999668121337891 -0 -0 -0 -0 -0 -0 -0 -0 -0 -0 -0 -0 -0 -0 -0 -0 -1.6452000141143798828 -1.6452000141143798828
-0 -0 -0 -11.987199783325195312 -11.987199783325195312 -11.987199783325195312 -11.987199783325195312 -26.026500701904296875 -26.026500701904296875 -26.026500701904296875 -26.026500701904296875 -23.045099258422851562 -23.045099258422851562 -23.045099258422851562 -23.045099258422851562 -17.794000625610351562 -17.794000625610351562 -17.794000625610351562 -17.794000625610351562 -9.7503004074096679688 -9.7503004074096679688 -9.7503004074096679688 -9.7503004074096679688 -1.7968000173568725586 -1.7968000173568725586 -1.7968000173568725586 -1.7968000173568725586 -0 -0 -0 -0 -0 -0 -0 -0 -0 -0 -0 -0 -0 -0 -0 -0 -0 -0 -0 -0 -0 -0
