testcase/InputSnapBodem/dd2_ghg.asc
ncols        1067
nrows        416
xllcorner    172414.999999993393
yllcorner    194088.000000073574
cellsize     20.000000000000
NODATA_value -32768
[rows 176 to 219 of 416, columns 672 to 767 of 1067]
-32768 -32768 -32768 -32768 -32768 -32768 -32768 -32768 -32768 -32768 -32768 -32768 -32768 -32768 -32768 -32768 -32768 51 52 54 55 56 58 59 60 61 63 64 65 69 77 85 94 102 103 104 105 106 107 108 109 109 109 108 107 107 106 105 105 104 102 100 98 93 87 81 81 80 83 90 96 103 110 116 123 129 136 139 138 137 137 136 140 144 149 153 157 161 165 169 173 177 180 174 168 162 162 165 168 172 175 178 181 185 188 195
-32768 -32768 -32768 -32768 -32768 -32768 -32768 -32768 -32768 -32768 -32768 -32768 -32768 -32768 -32768 49 49 53 58 59 60 62 63 64 65 67 68 69 70 77 85 93 101 109 118 119 120 121 122 123 124 124 124 123 122 122 121 120 119 117 115 113 111 106 100 96 95 95 94 99 105 112 119 125 132 139 145 145 145 144 143 143 144 148 152 156 160 164 168 173 177 181 177 171 165 159 153 157 160 163 166 170 173 176 180 191
-32768 -32768 -32768 -32768 -32768 -32768 -32768 -32768 -32768 -32768 -32768 -32768 -32768 -32768 49 49 49 53 59 65 66 67 68 70 71 72 73 75 76 84 92 101 109 117 125 133 135 136 137 138 139 139 138 138 137 136 136 134 132 130 128 126 124 119 113 110 110 109 108 108 114 121 128 134 141 148 153 152 151 151 150 150 149 151 155 159 164 168 172 176 180 180 174 168 162 155 149 148 152 155 158 161 165 168 176 188
-32768 -32768 -32768 -32768 -32768 -32768 -32768 -32768 -32768 -32768 -32768 -32768 49 49 49 49 49 53 60 66 71 72 74 75 76 77 79 80 83 92 100 108 116 125 133 141 149 151 152 153 154 154 153 153 152 151 149 147 145 143 141 139 137 132 126 125 124 123 123 122 124 130 137 143 150 157 159 159 158 157 157 156 156 155 159 163 167 171 175 179 182 176 170 164 158 152 146 140 143 147 150 153 156 161 173 184
-32768 -32768 -32768 -32768 -32768 -32768 -32768 -32768 -32768 -32768 -32768 49 49 49 49 49 49 54 60 66 72 78 79 80 82 83 84 85 91 99 108 116 124 132 140 149 157 165 167 168 169 169 168 168 166 164 162 160 158 156 154 151 149 145 140 139 139 138 137 137 136 139 146 153 159 166 166 165 165 164 163 163 162 162 162 166 170 175 179 183 179 173 167 161 155 149 143 137 135 138 141 145 148 157 169 181
-32768 -32768 -32768 -32768 -32768 -32768 -32768 -32768 -32768 48 48 48 48 49 49 49 49 54 60 66 72 79 85 86 87 88 90 91 99 107 115 123 132 140 148 156 164 173 181 183 184 184 183 181 179 177 175 173 171 169 166 164 162 158 155 154 153 152 152 151 150 150 155 162 168 173 172 172 171 171 170 169 169 168 168 170 174 178 182 182 176 170 164 158 152 146 140 134 128 130 133 136 142 154 165 177
-32768 -32768 -32768 -32768 -32768 -32768 -32768 48 48 48 48 48 48 48 49 49 49 55 61 67 73 79 85 91 92 94 95 98 106 114 123 131 139 147 156 164 172 180 188 197 199 198 196 194 192 190 188 186 183 181 179 177 175 171 169 168 168 167 166 166 165 164 164 171 177 180 179 178 178 177 177 176 175 175 174 174 177 181 185 179 173 167 161 155 149 143 137 131 125 122 125 128 139 150 162 173
-32768 -32768 -32768 -32768 -32768 47 48 48 48 48 48 48 48 48 48 48 49 55 61 67 73 79 85 92 98 99 100 106 114 122 130 139 147 155 163 171 180 188 195 202 209 209 208 207 205 203 201 198 196 194 192 190 188 184 183 183 182 181 181 180 179 179 178 180 187 186 186 185 184 184 183 183 182 181 181 180 181 185 182 176 170 164 158 152 146 140 134 128 122 115 116 123 135 146 158 170
-32768 -32768 46 47 47 47 48 48 48 48 48 48 48 48 48 48 49 55 62 68 74 80 86 92 98 104 106 113 121 130 138 146 152 159 165 171 177 184 190 196 204 208 208 208 207 207 206 206 206 205 205 203 201 199 198 197 197 196 195 194 194 193 192 192 193 193 192 192 191 190 190 189 189 188 187 187 186 185 179 173 167 161 154 148 142 136 130 124 118 112 108 120 131 143 154 166
46 46 46 47 47 47 48 48 48 48 48 48 48 48 48 48 50 56 62 68 74 80 86 92 98 104 109 115 122 128 134 140 147 153 159 165 172 178 184 191 200 208 207 207 207 206 206 206 205 205 204 204 204 201 200 200 199 198 197 197 196 195 194 194 196 195 194 194 193 192 192 191 190 190 189 188 188 187 181 175 169 163 157 151 145 139 133 127 121 115 116 126 136 147 158 169
46 46 47 47 47 47 48 48 48 48 48 48 48 48 48 48 50 56 62 68 74 80 86 91 97 103 106 110 116 122 128 135 141 147 153 160 166 172 178 187 195 204 207 207 206 206 206 205 205 204 204 204 202 198 197 196 195 194 194 193 192 191 191 191 194 195 195 194 193 193 192 191 191 190 189 189 188 187 185 179 173 167 161 155 149 143 137 131 124 120 127 135 146 156 167 178
46 46 47 47 47 48 48 48 48 48 48 48 48 48 48 48 49 55 61 67 73 79 84 90 96 101 103 105 110 117 123 129 135 142 148 154 160 167 174 182 191 199 207 206 206 205 205 205 204 204 204 203 199 196 193 192 191 191 190 189 188 188 187 189 192 195 195 194 194 193 192 192 191 190 190 189 188 188 187 183 176 170 164 158 152 146 140 134 128 131 138 145 155 166 177 187
46 46 47 47 47 48 48 48 48 48 48 48 48 48 48 50 51 54 60 66 71 77 83 89 95 98 100 102 105 111 117 123 130 136 142 148 155 161 169 178 186 195 203 206 205 205 205 204 204 203 203 200 197 193 190 188 188 187 186 185 185 184 184 187 190 193 196 195 194 194 193 192 191 191 190 189 189 188 187 186 180 174 168 162 156 150 144 138 135 142 149 157 164 175 186 197
46 46 47 47 47 48 48 48 48 48 48 48 48 49 50 51 52 53 59 64 70 76 82 88 93 95 97 99 102 105 111 118 124 130 136 143 149 156 165 173 182 190 199 205 205 204 204 204 203 203 202 198 194 191 187 185 184 183 182 182 181 180 182 185 188 191 194 195 195 194 193 193 192 191 190 190 189 189 188 187 184 178 172 166 160 154 148 141 146 153 161 168 175 185 195 206
47 47 47 47 47 48 48 48 48 48 48 48 49 50 51 52 53 54 57 63 69 75 81 86 90 92 94 96 99 101 106 112 118 125 131 137 144 152 161 169 177 186 194 203 204 204 204 203 203 203 199 196 192 189 185 181 180 179 179 178 177 177 180 183 186 189 192 196 195 194 194 193 192 192 191 190 190 189 188 188 187 181 175 169 163 157 151 150 157 164 172 179 186 194 205 215
48 48 48 47 47 48 48 48 49 49 48 49 50 51 52 53 54 55 56 62 68 74 79 84 87 89 91 93 96 98 100 106 113 119 125 131 139 148 156 165 173 182 190 199 204 204 203 203 202 200 197 193 190 186 183 179 176 176 175 174 173 175 178 181 184 187 190 194 195 195 194 193 193 192 191 191 190 189 189 188 187 185 179 173 167 161 155 161 168 176 183 190 197 204 214 225
49 49 49 48 48 48 48 48 49 49 49 50 51 52 53 54 55 57 58 61 66 72 78 81 84 86 88 90 93 95 97 101 107 113 119 126 135 143 152 160 169 177 186 194 203 203 203 202 201 198 194 191 187 184 180 177 173 172 171 171 170 173 176 179 182 185 189 192 195 195 194 194 193 192 192 191 190 190 189 189 188 187 183 177 171 165 165 172 179 187 194 201 208 215 223 234
50 50 50 49 49 48 48 48 49 49 50 51 52 53 54 55 57 58 59 60 65 71 76 78 81 83 85 87 90 92 94 96 101 108 114 122 130 139 147 156 164 173 181 190 198 203 202 202 199 195 192 188 185 181 178 174 171 168 168 167 168 171 174 177 180 183 187 190 193 196 195 194 194 193 192 192 191 190 190 189 188 188 186 180 174 169 176 183 191 198 205 212 219 226 234 243
51 51 51 50 50 49 49 49 49 50 51 52 53 54 56 57 58 59 60 61 64 70 73 75 78 80 82 84 87 89 91 94 96 102 109 117 126 134 143 151 160 168 177 185 194 202 202 200 197 193 190 186 182 179 175 172 168 165 164 163 166 169 172 175 178 181 185 188 191 194 195 195 194 193 193 192 191 191 190 189 189 188 187 184 178 180 187 195 202 209 216 223 230 237 245 253
53 52 52 51 52 53 54 55 54 55 55 56 56 57 57 58 59 60 61 62 63 68 70 72 75 77 79 81 84 86 88 91 93 96 104 113 121 130 138 147 155 164 172 181 189 198 201 198 194 191 187 184 180 177 173 169 166 162 160 161 164 167 170 173 176 180 183 186 189 192 195 195 194 194 193 192 192 191 190 190 189 188 188 187 184 191 198 206 213 220 227 234 241 249 256 263
56 58 59 60 61 62 64 64 62 61 62 62 63 63 64 64 65 65 66 66 67 68 70 73 75 78 80 83 85 88 90 93 95 98 105 114 122 131 139 148 156 164 173 181 190 198 201 197 194 190 186 182 178 174 171 167 164 160 156 159 162 165 168 171 174 178 181 184 187 190 193 195 195 194 193 193 192 191 190 189 188 187 186 185 188 195 203 211 219 226 234 242 250 257 265 273
66 67 68 69 70 72 73 71 70 68 69 69 70 70 70 71 71 72 72 73 73 74 76 79 81 84 86 88 91 93 96 98 101 105 110 118 127 135 144 152 161 169 177 186 194 201 202 200 196 192 189 185 181 177 173 169 166 162 158 158 161 164 167 171 174 177 180 183 186 190 193 192 190 189 188 187 186 185 184 183 183 182 181 180 180 185 193 201 208 216 224 232 239 247 255 263
75 76 77 78 80 81 81 79 78 76 75 76 76 77 77 78 78 79 79 80 80 81 82 84 87 89 92 94 97 99 102 104 107 112 116 123 131 140 148 157 165 173 182 190 199 201 202 203 199 195 191 187 183 180 176 172 168 164 161 158 161 164 167 170 173 177 180 183 186 189 192 188 184 183 182 181 180 180 179 178 177 176 175 174 174 175 183 191 198 206 214 221 229 237 245 249
84 85 86 88 89 90 89 87 86 84 82 82 83 83 84 84 85 85 86 86 87 88 88 90 93 95 98 100 102 105 107 110 114 119 123 128 136 144 153 161 170 178 186 195 201 202 203 204 201 198 194 190 186 182 178 175 171 167 164 161 160 163 167 170 173 176 179 183 186 189 189 185 181 178 177 176 175 174 173 172 171 170 169 169 169 168 173 180 188 196 204 211 219 227 234 235
93 94 96 97 98 98 97 95 93 92 90 89 90 90 91 91 92 92 92 93 94 94 95 96 98 101 103 106 108 111 113 117 121 125 130 134 141 149 157 166 174 183 191 199 201 202 203 204 204 200 196 192 189 185 181 177 173 170 167 164 160 163 166 169 173 176 179 182 185 188 185 181 177 173 171 170 169 168 167 166 165 165 164 164 163 163 163 170 178 186 193 201 209 217 220 222
102 104 105 106 107 106 105 103 101 100 98 96 96 97 97 98 98 99 99 100 101 101 102 102 104 107 109 111 114 116 119 123 128 132 136 141 145 154 162 170 179 187 196 200 201 202 203 204 205 203 199 195 191 187 184 180 176 173 170 166 163 163 166 169 172 175 179 182 185 186 182 177 173 169 165 164 163 162 162 161 160 159 159 158 158 158 157 160 168 176 183 191 199 205 206 208
112 113 114 115 116 114 113 111 109 107 106 104 103 103 104 104 105 105 106 107 107 108 109 109 110 112 115 117 120 122 126 130 135 139 143 147 152 158 167 175 183 192 199 200 201 202 203 204 205 205 201 198 194 190 186 183 179 176 173 169 166 163 165 169 172 175 178 181 185 182 178 174 170 166 162 159 158 157 156 155 154 153 153 153 153 152 152 152 158 165 173 181 189 191 192 194
121 122 123 124 124 122 120 119 117 115 114 112 110 110 111 111 112 112 113 113 114 115 115 116 117 118 121 123 125 128 133 137 141 146 150 154 159 163 171 180 188 196 200 201 202 203 204 205 206 207 204 200 196 193 189 185 182 179 176 172 169 166 165 168 171 175 178 181 182 178 174 170 166 162 158 154 152 151 150 149 148 148 148 147 147 147 146 146 147 155 163 171 175 177 178 180
130 131 132 133 132 130 128 127 125 123 122 120 118 117 117 118 118 119 120 120 121 122 122 123 123 124 126 129 131 135 139 144 148 152 157 161 165 170 176 184 193 199 200 201 202 203 204 205 206 207 207 203 199 195 192 188 185 182 178 175 172 168 165 168 171 174 177 181 179 175 171 167 163 159 154 150 146 145 145 144 143 143 142 142 142 141 141 141 140 145 153 160 161 163 164 166
140 140 142 141 140 138 136 135 133 131 129 128 126 124 124 125 125 126 126 127 128 128 129 130 130 131 132 135 138 142 146 151 155 159 163 168 172 176 181 189 197 199 200 201 202 203 204 205 206 207 208 205 202 198 195 191 188 185 181 178 175 171 168 168 171 174 177 179 175 171 167 163 159 155 151 147 143 140 139 138 137 137 137 137 136 136 136 135 135 135 143 146 147 149 151 152
149 150 151 149 148 146 144 142 141 139 137 136 134 132 131 131 132 133 133 134 134 135 136 136 137 138 138 140 144 149 153 157 162 166 170 175 179 183 187 193 198 199 200 201 202 203 204 205 206 207 208 208 204 201 197 194 191 188 184 181 178 174 171 168 170 173 177 176 172 168 164 160 155 151 147 143 139 135 133 132 132 132 131 131 131 131 130 130 130 129 130 132 134 135 137 138
163 164 159 158 156 154 153 151 149 147 146 144 142 141 139 139 139 140 141 141 142 143 143 144 144 145 146 144 149 153 158 162 166 171 175 179 184 188 193 197 198 199 201 202 203 204 205 206 207 208 209 210 207 204 200 197 194 190 187 184 180 177 174 171 170 173 176 172 168 164 160 156 152 148 144 140 136 132 127 127 127 126 126 125 125 125 124 124 123 123 127 128 129 130 131 132
185 186 174 167 165 163 162 160 158 156 155 153 151 150 148 148 148 149 149 150 151 151 152 152 153 154 154 146 145 150 154 159 163 167 172 176 180 185 189 191 192 193 195 196 197 199 200 201 203 204 205 207 206 204 202 200 197 193 190 187 183 180 177 173 170 173 173 169 165 160 156 152 148 144 140 135 130 126 121 121 120 120 119 119 119 118 118 117 117 118 122 126 127 128 129 130
206 200 189 177 174 172 171 169 167 165 164 162 160 159 158 157 157 157 158 159 159 160 160 161 162 162 159 150 142 146 151 155 160 164 168 173 177 181 185 186 186 187 188 190 191 192 194 195 196 198 199 200 200 198 196 194 192 190 188 186 184 182 180 176 173 172 169 165 161 156 151 147 142 137 132 128 123 118 115 114 114 113 113 113 112 112 111 111 111 113 118 123 125 126 127 128
227 215 203 192 183 181 180 178 176 175 173 171 169 168 167 166 166 166 167 167 168 168 169 170 170 171 162 154 145 143 147 152 156 161 165 169 174 178 180 180 180 181 182 184 185 186 188 189 190 192 193 193 193 191 190 188 186 184 182 180 178 176 174 172 171 168 163 158 153 149 144 139 134 130 125 120 115 111 108 108 107 107 107 106 106 105 105 105 105 109 114 119 123 124 125 126
242 230 218 206 195 190 189 187 185 184 182 180 179 178 177 176 175 175 175 176 177 177 178 178 179 175 166 158 149 141 144 148 153 157 161 166 170 174 174 174 175 175 176 177 179 180 181 183 184 186 186 186 186 185 183 181 179 178 176 174 172 170 168 166 164 160 155 151 146 141 136 132 127 122 117 113 108 103 102 102 101 101 100 100 99 99 99 98 100 105 110 114 119 122 123 124
257 245 233 221 209 199 198 196 194 193 191 189 188 187 186 185 185 184 184 185 185 186 186 187 187 179 170 161 153 144 141 145 149 154 158 162 167 168 168 169 169 169 170 171 173 174 175 177 178 179 179 179 179 179 177 175 173 171 169 168 166 164 162 159 156 153 148 143 138 134 129 124 119 115 110 105 100 96 96 95 95 94 94 93 93 93 92 92 96 101 106 110 115 119 121 122
271 260 248 236 224 212 207 205 203 202 200 198 197 197 196 195 194 193 193 193 194 194 195 196 191 182 174 165 157 148 140 142 146 150 155 159 162 163 163 163 163 164 164 165 167 168 169 171 172 172 172 172 172 172 171 169 167 165 163 161 159 157 155 152 149 145 140 136 131 126 121 117 112 107 102 97 93 90 89 89 88 88 88 87 87 86 86 87 92 97 101 106 111 115 119 120
286 274 263 251 239 227 216 214 212 211 209 208 207 206 205 204 204 203 202 202 202 203 204 203 195 186 178 169 160 152 143 138 143 147 151 156 157 157 157 158 158 158 158 159 160 162 163 164 165 165 165 165 165 165 164 163 161 159 157 155 153 151 147 144 141 138 133 128 123 119 114 109 104 100 95 90 85 83 83 82 82 82 81 81 80 80 79 83 88 92 97 102 106 111 116 118
301 289 277 266 254 242 230 223 221 220 218 217 216 216 215 214 213 212 211 210 211 212 212 207 198 190 181 173 164 156 147 139 139 144 148 151 151 151 152 152 152 153 153 153 154 156 157 158 158 158 158 158 158 158 157 156 154 153 151 149 146 143 140 137 134 130 125 121 116 111 106 102 97 92 87 82 78 77 76 76 76 75 75 74 74 73 74 79 84 88 93 98 102 107 111 116
316 304 292 280 269 257 245 233 230 229 228 227 226 225 224 223 222 222 221 220 220 220 219 211 202 194 185 177 168 159 151 142 136 140 145 145 145 146 146 146 147 147 147 148 148 149 151 151 151 151 151 151 151 150 150 150 148 146 144 142 139 136 132 129 126 123 118 113 108 104 99 94 89 84 80 75 71 71 70 70 69 69 68 68 68 67 70 74 79 83 88 92 97 101 106 112
331 319 307 295 283 272 260 248 239 238 237 236 235 235 234 233 232 231 230 229 228 229 223 214 206 197 189 180 172 163 155 146 138 137 139 139 140 140 140 141 141 141 142 142 142 143 144 144 144 144 144 144 144 143 143 143 142 140 138 134 131 128 125 122 118 115 110 106 101 96 91 86 82 77 72 67 65 64 64 63 63 62 62 63 64 65 64 68 73 77 82 86 91 95 99 109
343 332 320 308 297 285 274 262 251 247 247 246 245 244 243 242 241 241 240 239 238 235 227 218 210 201 193 184 176 167 159 150 141 133 134 134 134 135 135 135 136 136 137 137 137 137 137 137 137 137 137 137 136 136 136 136 136 133 130 127 124 121 117 114 111 108 103 98 93 89 84 79 74 69 65 60 58 58 57 57 57 58 60 61 62 63 62 62 66 71 75 80 84 89 95 106
339 328 316 305 293 281 270 258 249 245 245 244 243 242 242 241 240 239 239 238 237 236 228 220 211 203 194 186 177 168 160 151 143 137 135 136 136 137 137 137 138 138 138 139 139 138 137 136 136 135 134 134 133 133 132 131 129 126 123 119 116 113 110 107 103 100 95 91 86 81 76 71 67 62 57 52 52 52 53 54 56 57 58 59 61 61 60 59 60 65 69 74 78 83 92 102
