testcase/InputSnapBodem/dd2_ghg.asc
ncols        1067
nrows        416
xllcorner    172414.999999993393
yllcorner    194088.000000073574
cellsize     20.000000000000
NODATA_value -32768
[rows 220 to 263 of 416, columns 960 to 1055 of 1067]
-20 -19 -19 -13 -6 4 12 20 31 30 32 39 41 40 41 39 36 31 30 30 31 31 30 27 32 41 42 42 43 44 45 44 44 47 55 62 67 72 77 81 80 80 79 78 79 81 82 83 86 92 98 104 110 114 117 120 123 130 139 148 158 167 172 176 180 184 184 183 182 181 180 179 181 182 184 185 185 186 187 187 188 190 193 196 199 207 219 231 243 254 259 264 268 273 277 280
-4 0 1 10 13 3 11 17 10 7 27 35 45 45 38 28 25 9 3 6 14 14 12 10 21 34 40 40 43 45 47 46 46 53 62 70 75 80 85 88 87 86 85 85 85 86 87 88 94 100 106 112 118 123 127 130 133 142 152 161 170 180 189 192 196 199 198 197 196 195 194 193 193 195 196 197 198 198 199 199 200 201 204 207 212 224 236 247 259 271 279 284 289 294 297 300
6 20 25 33 28 17 5 -4 -12 -5 16 32 42 49 36 22 10 -5 -21 -15 -5 -5 -10 -13 2 18 39 41 44 46 49 48 52 60 68 76 84 89 94 94 93 93 92 91 91 91 92 96 102 108 114 120 126 132 136 139 146 155 164 174 183 192 202 209 213 213 212 211 210 209 208 207 206 208 209 209 210 211 211 212 212 213 215 218 228 240 252 264 276 288 300 304 309 313 316 319
17 36 37 39 35 23 7 -4 -15 -5 16 33 43 47 37 24 5 -10 -21 -15 -5 -18 -37 -38 -22 10 46 48 47 47 50 50 58 66 75 83 91 98 101 101 100 99 99 98 97 97 98 103 109 115 121 127 133 139 145 149 158 168 177 186 196 205 214 224 228 227 226 225 224 223 222 221 220 220 221 222 222 223 223 224 224 225 226 233 245 257 268 280 292 304 316 325 329 332 335 339
31 46 45 45 43 27 10 -3 -4 3 17 32 45 44 38 24 4 -14 -18 -12 -9 -28 -48 -52 -17 18 53 55 55 55 55 56 65 73 81 89 98 106 108 107 107 106 105 105 104 103 106 112 118 124 130 136 142 149 155 164 173 183 193 202 212 222 231 241 253 252 251 250 249 248 247 246 245 241 240 240 240 240 240 240 240 239 239 251 262 273 285 297 309 321 333 345 349 352 355 358
44 55 55 54 49 33 16 0 5 13 23 36 47 43 39 28 7 -12 -10 -1 6 -12 -31 -20 -9 25 61 63 63 63 63 62 71 79 87 95 104 112 117 117 116 116 115 114 114 113 121 128 134 140 147 153 159 165 172 186 196 206 216 225 235 245 254 265 280 287 287 286 285 284 283 282 281 272 266 266 266 266 266 266 266 266 272 283 294 305 317 328 339 351 362 369 363 367 370 373
57 64 63 59 55 42 25 18 17 24 34 46 47 46 43 34 13 8 8 9 18 4 3 14 25 36 68 71 71 71 70 70 77 85 93 101 110 117 125 127 126 126 125 124 124 127 136 144 151 157 163 169 175 181 192 206 219 229 238 248 258 267 277 291 306 322 322 321 320 320 319 318 313 304 294 292 292 292 292 292 292 293 304 315 326 338 349 360 372 383 394 389 379 380 383 386
71 72 67 63 59 51 37 37 36 35 44 49 48 47 46 39 29 29 28 28 29 27 38 49 60 71 77 79 79 78 78 78 83 91 99 108 115 123 130 137 136 136 135 134 134 142 151 160 167 173 179 186 192 199 212 226 240 252 261 271 280 290 301 317 332 348 358 357 356 355 354 353 344 335 326 318 318 318 318 318 318 326 337 348 358 370 381 393 404 415 418 409 399 393 396 399
79 83 77 70 64 59 56 55 54 52 51 50 48 47 46 45 45 44 43 42 41 43 49 56 62 69 76 82 86 86 86 86 89 97 105 113 121 128 136 143 146 146 145 145 148 157 166 174 183 190 196 202 208 219 233 246 260 274 284 294 303 313 327 342 358 374 390 393 392 391 390 385 375 366 357 348 344 344 344 344 347 358 369 380 391 402 413 425 436 447 438 429 419 410 409 412
86 97 91 85 78 68 60 58 56 54 53 52 51 50 49 48 47 46 45 44 44 44 48 54 61 67 74 81 87 94 94 94 95 103 111 119 126 134 141 149 156 156 155 155 163 172 181 189 198 206 212 218 225 239 253 267 281 294 307 316 326 337 353 368 384 400 416 429 428 427 425 416 407 397 388 379 371 371 371 371 380 391 402 412 423 434 446 457 468 468 458 449 439 430 422 425
93 105 105 99 92 77 62 60 58 56 55 54 53 52 51 50 49 48 47 47 47 47 48 53 59 66 72 79 86 92 99 101 101 109 117 124 132 139 147 154 162 166 165 169 178 187 195 204 213 222 229 235 246 259 273 287 301 315 329 339 349 363 379 394 410 426 442 458 463 462 456 447 438 429 420 410 401 397 397 401 412 423 434 445 456 467 478 489 497 488 478 469 459 450 441 438
100 112 120 113 100 85 71 62 60 59 57 56 55 54 53 52 51 51 50 49 49 50 50 51 58 64 71 77 84 91 97 104 109 115 122 130 137 145 152 160 167 175 175 184 193 201 210 219 228 236 245 252 266 280 294 307 321 335 349 362 373 389 404 420 436 452 468 484 499 497 488 478 469 460 451 442 432 423 423 434 445 456 467 477 488 499 510 521 517 508 498 489 480 470 461 451
107 119 130 123 109 94 79 65 62 61 60 59 57 56 55 55 54 53 52 52 52 53 53 54 56 63 69 76 82 89 95 102 108 121 129 136 143 151 158 166 173 181 189 197 206 215 224 233 242 250 259 270 284 298 312 325 339 353 367 380 396 411 427 442 458 474 489 505 521 521 512 503 494 485 476 467 458 450 450 463 475 487 499 510 521 532 543 547 537 528 519 509 500 490 481 471
102 114 124 118 104 90 77 63 56 56 55 54 53 53 52 52 52 51 52 54 54 55 55 56 56 61 67 73 80 86 93 99 109 125 135 143 150 158 165 173 180 187 196 205 213 222 231 240 249 258 266 273 286 300 314 327 341 355 369 383 400 415 431 447 462 478 493 509 521 516 508 499 490 481 472 463 454 446 442 452 465 477 489 501 513 525 538 536 528 520 512 503 495 487 478 470
94 105 106 104 92 78 65 53 43 41 40 39 39 38 38 38 38 37 44 50 51 51 52 52 54 58 64 71 77 83 90 96 110 127 142 150 157 165 172 179 187 195 203 212 220 229 238 247 256 265 272 279 288 302 316 329 343 357 371 387 403 419 435 451 466 482 498 513 515 510 504 495 486 477 468 459 450 445 440 442 454 466 479 491 503 515 520 517 513 504 496 487 479 471 462 454
85 92 89 87 80 66 53 43 33 27 26 25 25 24 24 24 23 26 36 45 47 48 48 49 53 56 61 68 74 80 87 96 112 128 144 157 164 171 179 186 194 202 211 219 228 236 245 254 263 271 278 285 292 304 318 332 345 359 373 390 407 423 439 455 470 486 502 513 508 503 498 491 482 473 464 455 447 443 439 435 444 456 468 480 493 504 501 498 496 488 480 472 463 455 447 436
77 74 72 69 67 54 44 34 23 13 11 11 11 10 10 10 9 18 28 37 44 44 45 47 51 55 59 65 71 78 84 97 113 129 146 162 171 178 186 193 201 210 218 226 235 243 252 261 270 277 284 291 298 306 320 334 347 361 377 394 410 427 443 459 475 490 506 507 502 497 492 487 478 469 460 451 446 442 437 433 434 446 458 470 482 485 482 479 477 472 464 456 447 439 430 419
63 60 57 54 51 44 34 24 14 4 -2 -2 -3 -3 -3 -4 1 10 20 29 39 41 42 46 50 53 57 62 68 75 82 98 115 131 147 163 178 185 193 200 209 217 225 234 242 251 259 268 277 283 290 297 304 311 322 336 349 364 380 397 414 430 447 463 479 494 505 500 495 491 486 481 474 465 456 448 444 440 436 432 428 435 448 460 468 466 463 460 458 455 448 440 431 423 412 401
58 56 53 50 46 35 25 15 4 -5 -10 -11 -12 -13 -13 -14 -7 2 12 21 31 38 41 44 48 52 56 59 66 72 83 100 116 132 148 165 181 192 200 207 216 224 233 241 249 258 267 275 283 289 296 303 310 317 324 338 351 367 384 401 417 434 451 467 483 499 499 494 489 484 479 474 469 461 452 447 443 439 435 430 426 425 437 450 449 447 444 441 439 436 432 424 416 406 395 384
51 52 49 46 37 26 15 5 -4 -11 -14 -17 -18 -18 -19 -20 -18 -8 1 11 21 36 40 43 47 50 54 58 63 69 85 101 117 134 150 166 182 198 206 215 223 232 240 248 257 265 274 282 289 295 302 309 316 323 330 340 354 371 388 404 421 438 454 471 487 497 492 488 483 478 473 468 463 456 450 446 441 437 433 429 425 421 427 433 430 428 425 422 420 417 415 408 399 388 377 366
44 48 45 39 28 17 6 -3 -13 -16 -19 -22 -24 -24 -25 -26 -28 -19 -9 0 15 34 42 45 48 50 53 57 60 70 86 102 119 135 151 168 184 201 209 218 226 235 243 252 260 269 277 286 293 300 308 315 322 329 336 342 358 374 391 408 424 441 458 474 491 491 486 481 476 471 466 460 455 450 446 442 439 435 431 427 423 419 416 414 411 409 406 403 401 398 396 392 382 371 360 348
36 41 41 30 19 8 -2 -12 -17 -21 -24 -27 -29 -30 -31 -33 -34 -30 -20 -6 12 32 43 46 49 52 55 58 63 75 92 109 125 142 159 176 192 209 202 204 213 221 230 238 247 255 264 275 282 289 297 304 311 319 326 332 339 356 372 389 405 422 439 455 467 465 460 455 449 444 439 433 428 423 420 416 412 409 405 401 398 394 394 394 391 389 386 384 381 379 376 373 365 354 342 331
26 30 34 23 12 1 -10 -16 -20 -23 -27 -31 -35 -37 -38 -39 -40 -41 -28 -8 10 29 45 48 51 54 57 65 74 86 100 117 133 150 167 184 200 209 200 190 199 207 216 224 233 241 252 263 271 279 286 293 300 308 315 318 321 334 351 368 384 401 417 434 437 437 433 428 422 417 412 406 401 397 394 390 386 383 379 375 372 370 372 374 371 369 366 364 361 359 356 353 348 337 326 315
14 19 23 17 6 -4 -15 -13 -14 -18 -22 -26 -29 -31 -34 -36 -39 -39 -27 -11 8 27 46 49 52 59 67 76 85 97 110 125 141 158 175 192 208 207 198 188 185 194 202 211 219 229 239 250 260 268 275 282 290 297 302 305 308 313 330 346 363 379 396 408 408 407 406 401 395 390 385 379 375 371 367 364 360 356 353 349 345 347 350 352 351 348 346 343 341 338 335 332 328 321 309 298
3 7 11 11 0 -10 -12 -11 -9 -13 -17 -20 -23 -25 -28 -30 -33 -23 -12 1 14 27 44 52 61 70 78 87 96 109 121 133 149 166 183 200 215 206 196 186 177 180 188 197 206 216 227 238 248 257 264 272 279 286 289 292 294 297 308 325 342 358 375 379 378 377 377 374 368 363 358 352 349 345 341 338 334 330 327 323 322 325 327 329 331 328 326 323 321 318 315 311 308 304 293 282
-8 -4 0 3 -5 -11 -10 -8 -7 -8 -11 -14 -17 -19 -22 -24 -19 -7 3 16 29 43 50 62 72 80 89 98 108 120 132 145 157 174 191 208 213 204 194 185 175 166 175 183 193 204 214 225 236 246 253 261 268 273 276 278 281 284 287 304 320 337 350 349 348 348 347 346 341 336 331 326 322 319 315 311 308 304 300 298 300 302 305 307 309 308 306 303 301 297 294 290 287 284 276 265
-18 -15 -12 -8 -10 -8 -7 -6 -4 -3 -6 -8 -11 -13 -16 -14 -3 8 19 32 42 48 54 67 81 91 100 108 119 131 144 156 169 182 199 216 211 202 192 183 173 164 161 170 180 191 202 212 223 234 243 250 257 260 262 265 267 270 273 282 299 316 320 319 319 318 317 316 314 309 304 300 296 293 289 285 282 278 274 275 278 280 282 285 287 288 286 283 280 277 273 270 266 263 259 249
-24 -21 -18 -15 -10 -9 -7 -6 -5 -3 -5 -7 -10 -12 -15 -3 8 20 31 39 46 52 58 72 86 99 111 119 130 143 155 168 180 192 207 219 209 200 190 181 171 162 152 157 168 179 189 200 211 221 232 239 243 246 249 251 254 257 259 262 278 291 290 289 289 288 287 287 286 282 277 274 270 266 263 259 255 252 250 253 255 257 260 262 265 267 265 263 259 256 253 249 246 242 239 232
-30 -27 -23 -20 -15 -11 -9 -8 -7 -7 -8 -10 -13 -15 -10 3 15 27 38 44 50 56 63 77 90 104 118 130 142 154 167 179 191 204 216 217 208 200 191 183 175 166 158 154 163 172 181 189 198 209 219 227 230 233 235 238 241 243 246 249 256 261 260 260 259 258 258 257 256 255 251 248 245 243 242 240 238 237 236 236 236 236 237 240 242 244 245 242 239 235 232 228 225 221 218 214
-33 -32 -28 -24 -19 -14 -11 -10 -9 -10 -12 -13 -15 -18 -4 8 22 34 43 49 54 60 68 82 95 110 125 139 150 163 175 187 200 212 221 220 214 206 198 189 181 172 164 156 161 170 178 187 196 205 213 216 218 221 224 226 229 231 234 237 240 238 238 238 238 238 238 238 238 236 241 240 238 236 234 233 231 230 229 229 229 229 229 229 229 229 229 226 223 219 215 212 208 204 201 197
-35 -34 -33 -28 -23 -18 -13 -12 -13 -14 -15 -16 -18 -12 0 14 28 41 48 54 60 66 76 91 106 121 136 148 158 170 182 195 207 219 219 217 218 212 204 195 187 179 171 163 159 168 177 185 194 200 199 202 208 211 213 216 219 221 224 226 230 226 224 224 224 224 224 224 224 220 226 232 231 229 227 225 224 223 222 222 222 222 222 222 222 221 220 220 217 213 210 206 202 199 195 188
-37 -36 -36 -34 -28 -23 -17 -15 -16 -17 -18 -19 -20 -8 4 18 31 44 55 61 67 73 87 102 117 132 147 157 167 177 190 202 214 218 216 214 215 215 210 202 193 185 177 169 162 166 175 183 187 186 184 189 196 200 203 206 208 211 213 217 221 217 212 211 211 211 211 211 207 204 208 217 223 222 220 218 217 216 216 215 215 215 215 215 214 212 211 211 211 208 204 200 197 193 187 176
-39 -38 -40 -41 -35 -29 -21 -17 -17 -18 -19 -20 -16 -6 6 19 32 45 58 68 74 82 97 113 128 143 157 166 176 186 197 209 218 216 213 211 212 212 213 208 199 192 184 176 168 164 173 174 173 171 170 175 182 189 193 195 198 201 204 208 212 209 203 198 197 197 197 195 191 188 191 199 207 214 213 211 210 210 209 208 208 208 208 207 205 203 201 202 202 202 198 195 191 185 175 165
-42 -41 -43 -45 -39 -31 -23 -20 -18 -19 -20 -21 -12 -2 7 21 34 46 59 71 81 92 108 123 139 154 166 175 185 195 204 217 215 213 211 208 209 209 210 210 206 198 190 182 174 165 161 160 158 157 155 162 169 176 183 185 188 190 194 199 203 201 195 189 183 183 182 179 175 171 174 182 190 198 205 204 204 203 202 201 201 201 200 198 196 194 192 193 193 194 193 189 184 174 164 153
-41 -39 -41 -42 -40 -33 -26 -24 -22 -20 -21 -17 -8 1 11 22 35 48 60 73 84 100 116 132 147 162 175 185 194 204 214 212 213 210 208 206 206 205 200 196 195 187 178 169 160 153 150 146 144 142 141 148 155 162 169 175 177 181 185 189 194 193 187 181 175 170 166 162 159 155 156 164 172 178 185 188 190 192 194 195 194 193 191 188 186 184 183 184 184 185 185 183 173 162 152 142
-41 -39 -39 -37 -35 -34 -29 -27 -25 -23 -22 -13 -3 5 15 25 36 47 59 70 83 102 118 133 149 162 183 195 205 214 212 195 189 190 190 191 187 183 178 176 177 172 164 155 147 143 139 136 132 128 128 135 142 149 156 163 168 172 177 181 186 176 168 160 152 153 147 143 140 137 137 142 149 155 161 166 168 170 172 173 180 193 186 180 177 175 174 175 175 172 169 184 172 159 146 132
-41 -39 -39 -37 -36 -33 -34 -33 -31 -29 -24 -22 -13 -4 4 16 38 46 57 68 83 101 120 135 149 162 182 203 215 219 199 180 169 166 167 170 167 161 156 157 159 154 149 141 136 133 129 125 122 120 119 122 129 136 143 152 173 166 171 175 180 160 143 136 133 136 129 124 121 122 125 122 126 132 138 143 146 148 150 155 167 200 195 188 181 175 158 156 153 150 151 174 182 168 155 141
-42 -40 -40 -40 -38 -32 -32 -38 -35 -28 -26 -30 -26 -17 -8 14 40 49 58 66 83 101 120 134 148 162 181 202 224 206 185 166 155 144 146 149 147 141 139 140 140 137 133 130 127 123 118 116 115 115 113 111 117 124 133 144 173 178 171 170 167 146 124 113 116 120 113 106 103 108 113 110 107 109 114 120 124 126 132 138 154 187 203 196 187 163 145 133 131 128 141 165 188 178 165 142
-35 -40 -41 -41 -35 -30 -31 -36 -34 -28 -27 -32 -36 -30 -13 12 38 53 61 66 85 104 122 129 141 158 182 204 209 192 171 152 144 135 134 136 135 131 129 129 129 126 122 121 119 115 113 111 110 109 107 105 105 114 125 138 170 191 184 176 154 134 113 103 105 106 103 97 96 100 103 103 101 100 101 102 104 108 114 120 141 174 207 199 176 152 135 119 109 108 132 155 179 188 170 144
-28 -35 -42 -38 -30 -25 -29 -33 -29 -26 -26 -31 -36 -39 -13 12 37 55 60 65 84 106 119 126 133 158 182 206 192 177 158 142 135 128 126 126 124 121 120 118 117 115 112 112 111 109 108 107 105 103 101 99 96 104 117 135 167 200 187 163 141 124 105 99 97 98 98 93 93 95 97 98 96 94 95 98 101 103 106 110 127 160 189 181 162 140 124 109 93 98 122 145 169 193 170 144
-18 -16 -24 -26 -19 -18 -21 -24 -22 -17 -7 -12 -16 -9 -2 21 47 54 58 63 77 97 102 108 116 132 162 175 168 154 143 132 125 119 113 113 111 106 103 103 104 102 96 96 95 102 102 103 102 99 95 93 89 90 103 116 148 171 165 146 128 110 97 94 91 90 88 86 86 87 91 92 92 90 92 96 98 99 101 107 114 145 156 154 135 125 116 101 90 91 109 133 157 158 153 127
-7 2 0 -1 -3 -6 -11 -13 -15 -6 3 7 13 19 26 33 47 52 57 62 67 80 84 89 97 105 122 125 122 119 113 105 99 95 95 96 94 91 85 87 89 86 80 75 81 93 94 98 100 95 90 86 81 77 89 102 122 130 135 117 105 90 75 70 73 75 73 67 65 71 80 87 90 90 91 94 95 96 97 104 111 120 123 126 114 111 108 97 92 93 99 120 123 123 119 110
0 12 33 31 19 3 -13 -17 -14 -5 5 25 35 44 44 45 48 53 57 59 64 64 69 69 74 79 85 83 83 85 83 82 76 71 73 71 70 67 68 70 70 68 60 53 68 80 90 96 99 94 89 68 60 52 74 87 99 101 102 94 83 72 55 50 56 58 56 50 44 57 70 83 87 89 91 91 91 91 93 98 106 107 106 103 105 102 98 92 89 93 98 98 91 88 84 83
4 28 51 65 38 9 -13 -24 -15 -6 8 32 49 50 48 49 52 55 57 57 60 59 54 55 57 57 58 53 47 66 65 60 56 52 49 48 48 49 51 55 52 46 40 31 60 74 93 102 99 95 83 62 45 28 53 75 90 96 97 94 80 60 38 30 43 41 39 32 29 46 61 77 88 89 90 89 87 86 90 93 100 98 93 91 96 96 88 81 82 86 90 91 85 81 80 79
