testcase/InputSnapBodem/dd2_ghg.asc
ncols        1067
nrows        416
xllcorner    172414.999999993393
yllcorner    194088.000000073574
cellsize     20.000000000000
NODATA_value -32768
[rows 220 to 263 of 416, columns 672 to 767 of 1067]
335 324 312 301 289 278 266 254 249 245 243 242 241 240 240 239 238 237 237 236 235 233 230 221 213 204 195 187 178 170 161 153 144 141 138 138 138 138 139 139 139 140 140 141 140 139 137 137 136 135 135 134 134 133 132 132 124 119 115 112 109 106 102 99 96 93 88 83 78 74 69 64 59 55 52 50 49 50 52 53 54 55 57 58 59 59 58 57 56 59 63 67 72 78 88 99
332 320 308 297 285 274 262 253 249 245 241 240 239 238 238 237 236 235 235 234 232 231 229 222 214 205 197 188 180 171 162 154 148 145 142 139 140 140 141 141 141 142 142 142 141 140 138 137 136 136 135 135 134 133 133 128 119 111 108 105 101 98 95 92 88 85 80 77 74 72 69 66 63 61 58 55 52 50 50 51 53 54 55 56 58 57 56 55 54 53 57 61 66 75 85 95
328 316 305 293 281 270 258 253 249 245 240 238 237 236 236 235 234 233 233 232 230 228 227 224 215 207 198 190 181 172 164 155 152 149 146 143 142 142 142 143 143 143 144 143 142 140 139 137 137 136 136 135 134 134 132 123 114 105 101 97 94 91 88 84 81 84 85 83 80 77 74 71 69 66 63 60 57 55 53 51 51 52 53 55 56 55 54 53 52 51 51 55 61 71 82 92
324 312 301 289 278 266 257 253 249 244 240 236 235 234 234 233 232 231 231 229 227 226 224 222 216 208 199 191 182 174 165 159 156 153 150 147 143 144 144 144 145 145 146 144 143 141 140 138 137 137 136 135 135 134 127 118 109 100 93 90 87 84 80 77 77 84 91 88 85 82 80 77 74 71 68 65 62 60 58 56 53 51 52 53 53 53 52 51 50 49 48 49 57 68 78 88
320 308 297 285 274 262 257 253 249 244 240 236 233 232 232 231 230 229 228 227 225 223 222 220 218 209 201 192 184 175 166 163 160 157 153 150 147 146 146 146 147 147 146 145 143 142 140 139 138 137 136 136 135 131 122 113 104 95 86 83 80 76 73 70 77 84 92 93 90 88 85 82 79 76 73 70 67 65 63 61 58 56 54 52 51 50 50 50 50 50 50 51 59 70 81 91
316 305 293 281 270 261 257 253 249 244 240 236 232 230 230 229 228 228 226 224 222 221 219 217 216 211 202 193 185 176 170 166 163 160 157 154 151 148 148 148 148 149 147 146 144 143 141 140 138 137 137 136 134 126 117 108 99 90 81 76 72 69 66 70 77 84 92 99 96 93 90 88 85 82 79 76 73 70 68 66 63 61 59 58 60 60 60 60 60 60 60 62 66 77 88 99
305 301 289 278 266 261 257 253 248 244 240 236 232 228 228 227 226 225 223 222 220 218 217 215 213 212 203 195 186 178 173 170 167 164 161 158 155 152 149 150 150 149 148 146 145 144 142 141 139 138 137 136 129 120 112 103 94 85 76 68 65 62 62 70 77 84 92 99 101 98 96 93 90 87 84 81 78 75 73 71 68 66 65 67 69 70 70 70 70 70 70 74 78 85 95 106
292 297 285 274 265 261 257 253 248 244 240 236 232 228 226 225 224 223 221 219 217 216 214 212 211 209 205 196 187 180 177 174 171 168 165 162 159 156 153 152 152 150 149 147 146 144 143 141 140 138 137 133 124 115 106 98 89 80 71 62 58 55 62 70 77 84 92 99 106 104 101 98 95 92 89 86 83 80 78 76 73 71 73 76 78 79 79 79 79 79 82 86 89 93 103 113
279 283 281 270 265 261 257 253 248 244 240 236 232 228 224 223 222 220 218 217 215 213 212 210 208 207 205 197 189 184 181 178 175 172 169 166 163 160 157 154 153 151 150 148 147 145 144 142 141 139 137 128 119 110 101 92 84 75 66 57 50 55 62 70 77 84 92 99 106 109 106 103 100 97 94 91 88 85 83 81 78 80 82 84 86 88 89 89 89 90 94 97 101 105 110 121
265 270 275 269 265 261 257 252 248 244 240 236 232 228 224 221 219 218 216 214 213 211 209 207 206 204 202 199 191 188 185 182 179 176 173 169 165 162 158 154 145 143 142 140 138 137 135 133 131 130 129 123 115 106 97 88 79 70 61 52 47 54 62 69 77 84 92 99 106 114 112 109 106 103 100 97 94 91 88 86 86 88 91 93 95 97 99 99 99 102 105 109 113 116 120 128
266 271 276 265 261 256 252 248 244 240 235 231 227 223 219 210 208 207 207 206 205 204 203 202 202 201 200 198 195 191 187 184 180 176 172 168 165 161 157 150 139 134 132 130 129 127 125 123 122 120 120 119 110 101 92 83 74 65 56 47 48 52 60 67 74 82 89 97 104 111 114 111 109 106 104 101 99 96 93 93 95 97 99 101 103 106 108 109 110 113 117 121 124 128 132 136
276 281 276 261 254 250 245 241 237 233 229 224 220 216 211 200 192 191 190 190 189 188 187 186 185 185 184 187 192 190 187 183 179 175 171 168 164 160 156 146 135 124 122 121 119 117 115 114 112 111 111 110 105 96 87 78 69 61 52 48 49 50 57 65 72 80 87 95 102 108 114 111 109 107 104 102 99 97 96 100 102 105 107 110 112 114 116 118 121 125 129 132 136 140 144 147
285 290 276 261 247 243 238 234 230 226 222 217 213 209 201 190 178 175 174 173 173 172 171 170 169 169 170 179 185 188 186 182 178 174 171 167 163 159 154 143 132 121 113 111 109 108 106 104 103 102 102 101 101 92 83 74 65 56 48 49 50 51 55 63 70 77 85 92 99 105 110 112 109 107 104 102 100 97 101 106 109 111 114 116 118 121 123 125 128 132 135 139 143 146 150 154
295 290 275 260 245 236 232 227 223 219 215 211 206 202 191 179 168 159 158 157 157 156 155 154 153 153 162 171 177 180 183 181 177 174 170 166 162 158 150 139 128 117 106 101 100 98 96 94 94 93 93 92 92 87 78 69 60 51 50 50 51 52 53 60 68 75 83 90 96 101 107 112 110 107 105 102 100 101 106 111 115 118 120 123 125 127 130 131 132 136 140 143 147 151 154 158
305 290 275 260 245 230 225 220 216 212 208 204 199 192 181 169 158 147 142 141 140 140 139 138 137 145 154 163 169 172 175 178 177 173 169 165 161 157 146 135 124 113 102 92 90 88 86 85 85 84 84 83 83 82 74 65 56 50 51 51 52 53 53 58 66 73 81 87 92 98 104 109 110 108 105 103 101 106 111 117 122 124 127 129 131 134 135 137 138 140 144 148 151 155 159 160
304 289 274 259 244 229 218 214 209 205 201 197 193 182 171 159 148 136 126 125 124 123 123 122 127 136 145 154 161 164 167 170 173 172 168 164 161 154 143 132 121 110 99 88 80 78 77 76 76 75 75 74 74 73 69 60 51 51 52 53 53 54 55 56 63 71 78 83 89 95 100 106 111 108 106 103 106 112 117 122 127 131 133 136 138 140 141 142 143 145 148 152 156 159 163 162
304 289 274 259 244 229 214 207 203 198 194 190 183 172 160 149 138 126 115 109 108 107 106 110 119 128 137 146 153 156 159 162 165 168 167 164 160 150 139 128 117 106 95 84 73 69 68 67 67 66 66 65 65 64 64 55 52 52 53 54 54 55 56 56 61 69 74 80 86 91 97 103 108 109 106 107 112 117 122 127 132 137 140 142 144 146 147 148 149 150 153 156 160 164 165 164
303 288 273 258 243 228 213 200 196 191 187 183 173 162 150 139 128 116 105 93 92 91 93 102 111 120 129 138 145 148 151 154 157 160 163 163 158 147 135 124 113 102 91 80 69 59 58 58 57 57 56 56 55 55 54 52 53 53 54 55 55 56 57 57 59 65 71 77 82 88 94 99 105 109 107 112 117 122 127 132 137 143 146 149 150 151 153 154 155 156 157 161 164 168 167 166
303 288 273 258 243 228 213 198 189 185 180 174 163 152 140 129 117 106 95 83 76 76 85 94 103 112 121 129 137 140 143 146 149 152 156 159 155 144 134 124 114 103 93 83 72 67 69 69 68 68 67 67 66 66 65 62 62 62 63 63 64 64 64 65 65 68 73 77 82 87 92 97 102 107 112 117 122 127 132 138 143 148 153 155 156 157 158 159 161 162 163 165 169 171 169 168
302 287 272 257 242 227 212 197 182 178 173 164 153 141 130 119 107 96 84 73 62 68 77 85 94 103 112 121 129 132 135 138 143 150 157 164 160 150 140 130 120 109 99 89 78 81 85 85 85 84 84 83 83 82 81 77 74 75 75 76 76 76 77 77 77 77 82 87 92 96 101 106 111 115 116 121 127 132 137 142 148 153 158 160 162 163 164 165 166 167 169 170 173 173 171 170
302 287 272 257 242 227 212 197 182 171 165 154 143 131 120 109 102 96 90 83 80 86 91 96 101 106 111 117 122 129 136 142 149 156 163 166 162 157 146 136 126 115 105 95 89 94 99 102 101 101 100 100 99 99 96 92 88 87 88 88 88 89 89 89 89 88 91 96 101 106 111 115 120 121 121 126 131 136 141 146 152 157 160 161 163 165 166 168 170 171 173 175 176 176 175 175
304 288 273 257 242 226 211 196 181 166 155 148 142 136 130 123 117 111 105 98 100 105 111 116 121 126 131 137 136 135 142 149 155 162 169 168 164 160 152 142 132 121 111 101 103 107 112 117 118 117 117 116 116 114 110 106 103 100 100 100 101 101 102 101 101 100 100 105 110 115 120 125 127 127 128 130 135 140 145 150 156 160 162 163 164 166 168 169 171 173 174 176 177 183 182 182
316 300 285 269 254 238 223 208 192 180 173 163 157 151 145 138 132 126 120 113 119 125 131 136 141 146 151 155 150 145 148 155 162 169 175 170 166 162 157 148 138 127 117 111 116 121 126 130 134 134 133 133 132 129 125 121 117 113 112 113 113 114 114 113 113 112 112 114 119 124 129 133 133 134 134 134 139 144 149 155 160 162 163 164 165 167 169 171 172 174 175 176 177 183 188 189
328 313 297 282 266 251 235 220 204 201 196 184 172 166 160 153 147 141 135 133 139 144 150 156 161 166 171 170 164 159 154 161 168 175 177 172 168 164 159 154 144 133 123 125 129 134 139 144 149 150 150 149 147 144 140 136 132 128 125 125 126 126 126 125 125 124 124 124 128 133 138 139 140 140 140 141 143 148 153 159 163 164 165 166 167 168 170 172 174 175 176 177 178 183 188 193
341 325 310 294 279 263 248 232 226 223 220 208 196 184 175 168 162 156 150 153 158 164 170 176 181 186 189 184 179 174 169 167 174 181 179 174 170 166 161 157 150 139 133 138 143 148 152 157 162 167 166 165 162 158 154 151 147 143 139 138 138 138 138 137 137 136 136 135 138 143 145 146 146 146 147 147 147 152 158 163 164 165 166 167 168 170 171 173 175 176 176 177 178 183 188 193
353 337 322 306 291 275 260 250 247 244 241 231 219 207 195 183 177 171 166 172 178 184 189 195 201 206 204 198 193 188 183 178 180 185 181 176 172 168 163 159 154 146 147 151 156 161 166 171 175 180 182 181 177 173 169 165 161 158 154 150 151 150 150 149 149 148 148 147 147 151 152 152 152 153 153 153 154 156 162 165 166 167 168 169 170 171 173 174 175 176 177 178 179 183 188 193
365 350 334 319 303 288 274 271 268 266 263 255 243 231 219 207 195 186 186 192 197 203 209 215 220 223 218 213 208 203 198 193 188 187 183 178 174 170 165 162 159 158 162 167 172 176 181 185 190 194 199 196 192 188 185 181 177 173 169 166 162 161 160 160 159 158 158 157 156 157 158 158 159 159 159 160 160 160 165 166 167 168 169 170 172 173 174 175 176 177 177 178 179 183 188 193
375 362 347 331 316 300 295 293 290 287 284 279 267 254 242 230 218 208 211 217 223 229 234 240 246 242 237 233 228 223 218 214 209 211 208 205 203 200 197 195 192 193 196 201 205 210 215 219 224 228 233 235 231 227 223 219 216 212 208 204 165 159 159 158 157 156 156 155 155 159 160 160 161 162 163 164 165 166 164 165 166 166 167 167 168 169 173 175 176 177 178 179 180 183 188 192
374 374 359 343 328 320 317 314 311 308 306 302 290 278 266 254 243 243 245 250 256 262 268 273 275 268 262 258 253 248 243 239 238 242 241 238 236 233 230 228 226 228 230 235 239 244 248 253 257 262 267 272 269 265 262 258 254 250 246 227 188 158 157 156 155 155 154 153 155 159 161 162 163 164 165 166 166 158 155 157 157 158 159 159 160 161 169 173 174 176 177 178 180 181 184 187
373 381 371 356 344 341 338 335 333 330 327 324 314 302 290 277 278 279 280 284 289 295 301 307 301 294 287 283 278 273 268 264 267 271 274 271 269 266 263 261 262 263 265 268 273 278 282 287 291 296 301 306 308 304 300 296 293 289 285 249 210 171 155 154 154 153 152 152 156 159 163 164 165 166 166 167 160 148 146 148 149 150 151 151 152 157 164 171 173 174 175 177 178 179 181 183
372 380 383 368 365 362 360 357 354 351 348 346 337 325 313 313 313 314 315 317 323 328 334 334 327 320 313 307 303 298 293 293 296 300 303 304 301 299 296 295 297 299 301 303 307 311 316 320 325 330 335 340 344 343 339 335 331 327 311 272 233 194 155 152 152 151 150 153 156 160 163 166 166 167 168 161 150 139 136 138 141 142 142 143 145 152 160 167 171 172 174 175 176 177 179 181
370 378 387 389 387 384 381 378 375 373 370 367 361 349 347 348 349 350 351 351 356 362 367 360 353 346 339 332 328 323 318 322 325 329 333 336 334 332 329 330 332 334 336 338 341 345 350 354 359 364 369 374 378 381 377 373 370 366 333 294 255 216 177 151 150 149 149 153 157 160 164 167 168 169 163 152 140 129 127 129 131 133 134 135 141 148 155 163 169 171 172 173 174 175 177 179
359 367 372 367 370 374 378 382 385 389 391 388 384 382 383 384 384 385 386 387 389 395 393 386 379 372 365 358 353 348 347 351 355 358 362 365 367 365 363 365 367 369 371 373 375 379 383 388 393 398 403 408 412 417 416 412 408 395 356 317 278 239 200 160 148 147 150 153 157 160 164 167 170 165 154 142 131 120 117 119 121 124 126 129 136 144 151 158 166 169 170 171 172 173 175 176
348 356 352 346 346 350 354 358 361 365 369 373 379 389 399 409 420 421 421 422 423 426 419 412 406 399 392 385 378 373 376 380 384 387 391 394 398 397 399 401 403 405 406 408 410 413 417 422 427 432 437 441 446 451 454 450 447 417 378 339 300 261 222 183 146 147 150 154 157 161 163 165 166 156 144 133 121 110 107 110 112 116 119 121 129 136 144 151 159 159 163 167 170 171 172 167
337 340 333 326 322 326 330 333 337 341 345 349 358 367 377 388 398 408 419 429 439 441 435 429 422 416 410 403 397 396 399 401 404 407 410 413 416 420 423 426 429 432 436 439 442 445 451 456 461 466 471 475 480 485 490 489 479 440 401 362 322 283 244 206 169 143 145 146 148 150 152 154 153 148 136 124 113 101 101 105 108 112 114 114 118 126 134 141 145 140 141 145 149 153 156 150
326 321 314 307 300 302 306 309 313 317 321 328 337 346 356 366 377 387 397 408 416 423 417 411 405 398 392 386 379 384 387 390 393 395 398 401 404 410 414 417 420 424 427 430 433 438 446 458 469 481 492 504 514 519 524 527 501 462 424 387 351 315 278 242 186 137 133 135 137 139 141 142 140 137 128 116 105 99 99 101 104 107 109 109 109 116 123 131 127 122 118 122 126 130 131 131
308 301 295 288 281 278 282 285 289 293 299 307 316 325 335 345 355 366 376 386 392 399 400 393 387 381 375 368 367 371 375 378 381 384 387 389 394 400 405 408 412 415 418 421 424 432 440 451 462 474 485 497 508 519 531 538 532 496 460 424 387 351 315 275 193 134 129 124 126 128 130 129 126 124 120 108 98 98 97 97 100 103 103 103 103 106 113 115 109 104 98 100 104 106 107 108
289 282 275 269 262 255 257 261 265 269 278 287 296 304 313 324 334 344 354 362 368 375 381 376 370 363 357 351 354 358 363 366 369 372 375 378 384 389 395 400 403 406 409 412 418 426 434 444 455 466 478 489 501 512 518 514 493 496 496 460 423 387 351 282 200 131 126 121 116 117 118 116 113 111 108 100 96 96 96 95 96 98 98 98 98 98 102 97 91 86 81 77 80 81 82 83
270 263 256 250 243 236 233 237 241 248 257 266 275 284 292 302 312 323 332 338 344 351 357 358 352 346 339 338 342 346 350 354 357 360 363 368 374 379 385 391 394 397 400 404 412 420 429 437 448 459 471 482 494 497 499 489 463 458 461 464 460 423 371 289 207 127 122 117 112 107 105 103 100 98 96 95 94 94 94 93 93 93 93 93 93 94 93 87 81 75 69 63 62 61 60 59
251 244 237 230 224 217 210 213 219 227 236 245 254 263 272 281 291 301 308 314 320 327 333 339 334 328 322 325 329 333 337 342 345 348 352 358 363 369 375 381 385 388 391 398 406 415 423 431 441 452 464 475 477 478 480 465 438 419 422 425 428 430 371 294 214 132 119 114 109 104 100 98 96 95 93 91 91 90 90 90 89 89 90 90 90 90 90 87 81 75 69 66 65 64 63 62
231 225 218 211 204 198 191 189 198 207 215 224 233 242 251 260 270 278 284 290 296 303 309 315 317 310 308 312 317 321 325 329 333 336 342 347 353 359 365 370 376 379 384 392 401 409 417 425 434 445 455 456 458 459 461 440 414 387 384 387 390 370 335 259 183 125 115 110 105 101 97 95 93 91 89 88 87 87 86 86 86 86 86 86 87 87 87 87 81 75 70 69 68 67 66 65
220 212 205 198 191 184 177 174 182 190 198 206 214 222 230 239 247 254 260 266 272 278 285 291 297 293 296 300 304 308 312 316 319 323 330 337 343 349 355 360 366 371 378 387 395 403 411 420 428 435 436 437 439 440 442 415 389 363 345 348 333 310 287 223 147 126 114 106 101 97 94 91 89 87 86 85 84 83 83 83 83 83 83 83 83 83 84 84 81 75 73 72 71 69 69 68
208 201 194 187 179 172 166 166 170 178 186 194 203 211 219 227 229 234 240 245 251 257 262 268 274 278 281 284 286 289 292 295 297 300 306 313 320 327 334 341 348 363 375 384 392 401 409 417 426 410 413 417 420 421 417 391 364 338 311 296 273 250 228 188 140 128 115 103 98 94 91 88 85 83 82 81 81 80 79 79 79 79 80 80 80 80 80 80 81 77 76 75 74 72 71 71
197 189 182 175 168 161 159 159 159 167 175 183 191 199 207 213 213 215 221 227 232 238 244 250 255 256 259 262 265 267 270 273 276 279 282 289 296 303 310 317 329 346 372 382 391 399 408 416 409 390 387 390 394 397 383 356 328 301 276 260 232 205 178 151 140 128 115 103 95 92 89 86 83 76 75 74 73 72 78 79 79 79 79 76 72 72 72 72 73 80 79 77 76 75 74 73
