testcase/InputSnapBodem/dd2_ghg.asc
ncols        1067
nrows        416
xllcorner    172414.999999993393
yllcorner    194088.000000073574
cellsize     20.000000000000
NODATA_value -32768
[rows 176 to 219 of 416, columns 768 to 863 of 1067]
207 218 230 241 240 237 233 230 226 223 220 216 213 214 217 218 217 216 216 215 214 213 212 211 210 209 208 196 195 193 192 191 188 185 183 180 178 173 167 162 157 153 148 144 139 135 130 127 123 119 116 112 108 106 106 107 107 107 107 108 108 108 109 110 112 113 115 116 117 119 119 119 119 119 119 120 122 121 121 121 120 121 121 121 121 120 121 121 122 122 123 124 124 123 122 121
203 215 226 238 242 239 236 232 229 225 222 219 217 221 224 227 226 225 225 224 223 222 221 220 219 218 210 197 190 189 188 187 185 184 183 182 180 176 172 167 163 158 153 149 144 140 136 132 128 125 121 117 113 110 107 107 107 107 108 108 108 109 110 112 113 115 116 117 119 120 121 121 121 121 121 123 125 125 125 124 124 124 123 123 123 123 124 125 125 126 126 127 127 126 125 124
199 211 222 234 245 241 238 234 231 228 224 221 224 227 231 235 235 234 234 233 232 231 230 229 228 224 211 198 186 185 184 182 181 180 179 177 176 177 177 172 168 163 159 154 150 145 141 137 134 130 126 122 119 115 111 107 107 108 108 108 109 110 112 113 115 116 117 119 120 122 122 122 122 122 124 126 128 129 129 128 128 127 127 127 128 127 127 128 129 129 130 130 131 130 129 128
196 207 219 230 242 243 240 237 233 230 226 227 230 234 238 241 244 243 243 242 241 240 239 238 237 226 213 200 187 181 179 178 177 176 174 173 172 174 177 178 173 169 164 159 155 150 146 143 139 135 131 128 124 120 116 113 109 108 108 109 110 112 113 115 116 117 119 120 122 123 124 124 124 125 127 129 131 133 133 132 132 131 131 132 133 133 132 132 132 133 133 134 134 133 132 131
192 204 215 227 238 246 242 239 236 232 230 233 237 241 244 248 252 253 252 251 250 249 248 247 240 227 214 201 188 177 175 174 173 172 170 169 169 172 175 178 178 174 169 165 160 156 152 148 144 140 137 133 129 126 122 118 114 111 109 110 112 113 114 116 117 119 120 122 123 125 125 125 126 128 130 132 134 136 136 136 136 135 135 137 138 139 138 137 137 136 137 137 138 137 136 135
188 200 212 223 235 246 245 241 238 234 236 240 244 247 251 255 259 262 261 260 259 258 257 254 241 229 216 203 190 177 171 170 169 167 166 165 166 169 172 175 178 179 174 170 165 161 157 153 149 146 142 138 135 131 127 123 118 113 115 117 117 117 118 118 119 120 122 123 125 126 127 128 130 132 134 136 138 140 140 140 139 139 140 142 143 144 144 143 142 142 141 141 141 140 141 143
185 196 208 219 231 243 247 243 240 239 243 247 251 254 258 262 265 269 270 269 268 267 266 256 243 230 217 204 191 178 167 166 164 163 162 161 164 167 170 173 176 179 180 175 171 166 162 158 155 151 147 144 140 136 130 125 119 114 120 125 126 126 126 126 127 127 127 127 128 128 129 131 133 135 137 139 141 143 144 144 143 144 145 147 148 150 149 149 148 147 147 146 150 151 153 155
181 193 204 216 227 239 249 246 242 246 250 254 257 261 265 268 272 276 279 278 277 276 270 257 244 231 218 205 193 180 167 161 160 159 158 158 161 164 167 170 173 176 179 180 176 171 168 164 160 156 153 148 142 137 131 126 120 118 125 132 134 134 135 135 135 135 136 136 136 136 140 139 137 138 140 142 144 146 148 148 147 149 150 152 153 155 155 154 153 153 153 158 163 165 166 168
177 189 201 212 224 235 247 248 249 253 257 260 264 268 271 275 279 283 286 287 286 285 272 259 246 233 220 207 194 181 168 157 156 155 153 156 159 162 165 168 171 174 177 180 181 177 173 169 165 160 154 149 143 138 132 127 121 123 130 137 143 143 143 143 144 144 144 144 145 147 152 153 151 149 147 145 147 149 151 151 152 154 155 157 158 160 160 160 159 162 166 171 176 178 179 181
179 190 201 211 222 233 243 252 256 260 263 267 271 274 278 282 286 289 293 296 295 286 273 260 247 234 221 208 195 182 169 156 152 151 150 153 156 159 162 165 168 171 174 177 180 182 177 172 166 161 155 150 144 139 133 128 122 127 134 142 149 151 152 152 152 152 153 153 154 158 163 167 165 163 161 159 157 155 154 156 157 159 160 162 163 165 166 165 170 175 179 184 189 191 193 194
189 199 210 221 231 242 253 251 255 260 264 269 274 278 283 288 292 296 300 304 300 287 274 262 249 236 223 210 197 184 171 158 148 146 148 151 154 157 160 163 166 169 174 179 184 187 178 173 167 162 156 151 145 140 134 129 125 132 139 146 154 160 160 161 161 161 161 162 165 169 174 179 179 177 175 173 171 169 167 165 167 168 169 170 171 172 175 178 183 188 192 197 202 205 206 208
198 209 219 230 241 251 255 252 252 257 262 266 271 276 280 285 290 294 299 304 299 287 274 262 249 237 224 211 198 185 172 159 146 142 145 148 151 156 161 165 170 175 180 185 190 193 186 175 168 163 157 152 146 141 135 130 130 137 144 151 158 166 169 169 169 170 170 172 176 181 185 190 193 191 189 187 185 183 181 180 180 181 182 183 184 187 193 196 196 201 205 210 215 218 219 221
207 218 229 239 250 258 255 253 250 254 259 264 268 273 278 282 287 292 297 297 294 284 271 259 246 234 221 209 196 184 171 159 147 142 147 152 157 162 167 172 177 182 187 192 196 198 194 183 173 164 158 153 147 142 136 131 134 142 149 156 163 170 177 178 178 178 178 183 187 192 196 201 206 205 203 201 199 197 195 194 193 194 195 196 199 206 212 216 217 217 219 223 228 231 233 234
217 227 238 249 259 259 256 253 250 252 256 261 266 270 275 280 284 289 293 290 286 281 268 256 243 231 218 206 193 181 168 156 150 159 156 159 164 169 174 179 184 189 194 199 201 203 202 191 181 170 159 154 148 143 137 132 139 146 154 161 168 175 182 186 186 187 189 194 199 203 208 212 217 219 216 214 213 211 210 208 207 207 208 212 218 224 230 237 237 238 238 238 241 244 248 255
226 237 247 258 262 260 257 254 251 249 254 258 263 268 272 277 282 287 286 282 279 275 265 253 240 228 215 203 190 178 165 154 165 175 174 171 171 175 180 185 190 195 200 204 206 208 210 199 189 178 167 156 149 144 138 137 144 151 158 166 173 180 187 194 195 196 201 205 210 214 219 223 228 232 230 228 227 226 224 223 221 220 224 230 236 243 249 255 258 258 259 259 266 268 276 284
235 246 257 266 263 260 257 255 252 249 251 256 260 265 270 274 279 282 278 275 271 268 262 250 237 225 212 200 187 175 162 169 180 190 191 188 185 182 187 192 197 202 207 209 211 214 216 207 197 186 175 164 153 145 139 142 149 156 163 170 178 185 192 199 203 207 212 216 221 226 230 235 239 244 244 243 241 240 240 240 241 242 240 246 252 259 265 272 292 299 306 312 312 313 314 322
245 255 266 267 264 261 258 255 252 249 248 253 258 262 267 272 276 274 271 267 264 261 257 246 234 222 209 197 184 172 173 184 194 205 209 206 203 200 197 199 204 209 212 214 217 219 221 215 204 194 183 172 161 150 140 146 154 162 170 178 187 195 203 211 217 221 226 230 235 239 244 248 253 257 265 266 266 267 268 269 270 270 265 259 266 272 278 297 337 353 357 357 357 358 358 361
254 265 270 267 264 262 259 256 253 250 247 250 255 260 264 269 270 267 263 260 257 253 250 243 231 218 206 194 181 177 188 198 209 219 227 224 221 218 215 212 210 215 217 220 222 224 226 223 212 202 191 180 171 164 160 167 175 183 192 200 208 216 225 233 235 238 242 247 251 256 260 265 269 274 284 294 295 296 297 298 299 297 292 287 282 285 297 336 375 394 397 401 403 403 403 403
263 274 271 268 265 262 259 257 254 251 248 248 252 257 262 266 263 259 256 253 249 246 242 239 228 215 203 190 182 192 203 213 224 234 244 241 238 235 232 229 226 224 224 225 227 229 232 231 220 211 204 197 190 183 183 189 197 205 213 221 230 238 246 252 253 254 259 263 268 272 277 281 286 293 303 313 323 325 325 326 327 325 320 315 310 305 330 366 402 408 412 415 419 422 426 429
273 274 272 269 266 263 260 257 254 252 249 246 250 254 259 259 255 252 249 245 242 238 235 231 225 212 200 187 196 207 217 228 238 249 259 259 256 253 250 247 243 240 239 240 241 242 242 243 237 230 223 216 209 202 205 212 218 226 235 243 251 259 268 270 271 272 275 280 284 289 293 298 302 312 322 332 342 352 354 355 356 353 348 343 338 333 357 393 416 421 426 429 433 436 440 442
278 275 272 269 266 264 261 258 255 252 249 246 247 252 255 251 248 245 241 238 234 231 227 224 221 209 197 201 211 222 232 243 253 264 274 276 273 270 267 264 260 256 255 255 256 257 257 257 256 249 242 235 227 222 228 234 241 248 256 264 273 281 287 288 289 290 292 296 301 305 310 314 321 331 341 351 361 371 381 384 384 381 375 371 366 361 385 420 430 435 440 443 447 450 452 457
265 265 264 264 263 263 261 259 256 253 250 247 244 249 247 244 241 237 234 230 227 223 220 217 213 206 205 215 226 236 247 257 268 278 289 294 291 288 285 281 277 273 270 270 271 272 272 271 271 267 260 253 246 245 251 257 264 270 278 286 294 302 305 306 307 308 309 313 318 322 327 331 340 350 360 370 380 390 400 410 413 408 404 399 394 391 412 438 443 448 453 458 461 463 464 474
251 252 251 251 250 250 249 249 248 248 247 247 245 243 240 237 233 230 226 223 220 217 213 210 207 205 217 230 241 251 262 272 283 293 304 312 309 305 301 298 294 290 286 285 286 287 286 286 285 284 279 272 265 268 274 280 286 293 299 307 316 322 323 324 325 326 327 330 334 339 343 349 359 369 379 389 399 409 419 429 435 437 432 427 422 422 440 452 457 462 466 471 473 475 481 491
237 239 238 238 237 237 236 236 235 235 234 234 234 238 237 234 231 227 224 221 218 214 211 208 205 206 213 226 240 254 267 281 294 308 318 329 326 322 318 315 311 307 303 301 301 302 301 300 299 299 298 291 284 290 297 303 309 315 322 329 337 340 341 342 343 344 345 346 351 355 360 368 378 388 398 408 418 428 433 437 441 443 447 451 451 453 459 464 469 474 478 482 484 485 488 496
223 225 225 225 224 224 223 223 222 222 221 221 223 227 234 232 228 225 222 219 215 212 209 206 204 206 209 221 235 249 262 276 290 303 317 327 329 332 334 331 328 324 320 316 316 316 315 314 314 313 312 310 307 313 319 326 332 338 344 351 357 358 359 360 361 362 363 364 367 372 377 387 397 407 417 426 430 434 438 443 446 448 452 456 460 467 470 475 481 485 489 493 494 495 496 501
209 211 212 212 211 211 210 210 209 209 209 210 212 216 223 229 226 223 220 216 213 210 207 203 204 207 209 216 230 244 257 271 285 298 312 315 317 319 322 324 326 328 331 333 331 330 330 329 328 327 326 325 328 333 339 344 349 354 360 365 369 374 377 378 379 380 381 382 384 388 396 406 416 423 427 432 436 440 444 448 452 453 456 460 466 474 481 486 495 501 500 503 504 505 506 508
195 197 199 199 198 198 197 197 196 196 198 199 200 205 212 219 224 221 217 214 211 208 204 202 205 208 210 213 225 239 252 266 280 293 300 302 305 307 309 312 314 316 318 321 332 332 331 330 328 327 326 325 333 339 344 349 355 360 365 370 372 377 381 386 391 396 399 400 402 405 415 421 425 429 433 438 442 446 450 454 458 459 460 465 473 481 488 502 515 521 519 512 513 514 516 517
181 183 185 186 185 185 184 184 184 185 187 188 189 194 201 208 215 218 215 212 209 205 202 203 206 208 211 213 220 234 248 261 275 285 288 290 292 295 297 299 302 304 306 314 325 332 331 330 329 328 327 328 337 344 350 355 360 365 371 374 376 380 384 389 394 399 403 408 413 416 421 425 430 434 439 443 448 452 456 460 464 465 465 472 480 488 497 510 527 534 530 518 520 521 523 526
168 169 171 172 172 172 171 171 173 174 175 177 178 183 190 197 204 211 213 210 206 203 201 204 206 209 211 214 217 229 243 256 270 273 275 278 280 283 285 287 289 292 296 307 318 329 331 330 329 328 327 331 340 348 355 360 366 371 376 378 380 383 387 392 397 402 406 411 412 415 419 424 428 433 438 442 447 451 456 458 466 465 466 475 487 496 505 514 523 530 533 524 526 528 530 532
154 155 157 158 159 159 159 160 161 163 164 166 167 172 179 186 193 200 207 207 204 201 202 204 207 209 212 215 217 224 238 251 258 261 263 266 268 270 273 275 277 279 289 300 311 322 331 330 329 328 327 335 343 352 360 366 371 376 380 382 385 387 391 395 400 405 410 410 411 413 418 423 427 432 436 441 445 447 448 450 468 466 466 475 491 497 504 512 519 525 529 531 532 533 533 534
140 141 143 145 146 146 147 149 150 152 153 154 156 161 168 175 182 189 196 203 202 200 202 205 208 210 213 215 218 221 233 244 246 248 251 253 256 258 260 263 265 271 282 293 304 315 327 330 329 328 330 338 346 355 363 371 377 382 384 386 389 391 394 398 403 408 408 409 409 412 417 421 426 430 435 437 438 439 440 450 469 468 467 474 489 498 504 510 518 524 529 536 535 535 535 535
133 134 135 136 137 137 136 138 139 140 142 143 145 150 157 164 171 178 185 191 198 200 203 206 208 211 213 216 219 221 228 231 234 236 239 241 243 246 248 250 253 264 275 286 298 309 320 330 329 328 333 341 350 358 367 375 382 386 388 390 393 395 398 401 406 406 407 407 408 411 415 420 424 427 428 429 429 430 431 451 471 470 468 473 487 501 506 513 519 526 534 541 540 539 539 535
131 132 133 134 135 136 135 134 133 132 131 132 133 139 146 153 160 168 176 184 192 194 197 199 202 205 208 211 214 217 220 222 224 225 227 229 231 233 236 238 246 257 268 280 291 302 313 324 329 328 336 345 353 362 370 379 387 390 392 395 397 399 402 404 404 405 405 406 406 409 414 415 415 416 417 419 420 421 429 448 466 461 458 465 480 493 506 516 523 530 540 549 548 537 544 546
129 130 131 132 133 134 133 132 131 130 129 128 127 131 139 147 155 163 171 180 184 186 188 191 194 197 200 203 206 208 212 215 217 219 220 222 224 225 227 229 237 249 261 273 284 295 306 317 329 331 340 348 357 366 375 384 392 394 397 399 401 404 406 406 405 405 404 404 405 408 405 398 394 395 396 398 393 382 396 420 442 446 453 460 472 484 496 510 524 533 545 552 548 536 541 544
127 128 129 130 131 132 132 131 130 129 128 127 127 128 134 142 150 159 167 175 177 178 180 183 186 189 192 195 197 201 204 208 210 212 214 215 217 219 221 222 225 236 248 260 272 284 296 308 320 336 345 354 363 372 381 390 396 399 401 403 406 408 409 408 407 406 406 405 405 395 388 381 375 374 369 356 344 345 361 385 396 416 428 440 458 470 482 495 507 519 525 530 528 529 527 525
125 126 127 128 129 130 131 130 129 128 127 126 127 127 130 138 146 154 162 167 169 171 173 175 178 181 184 186 189 193 197 200 204 205 207 209 210 212 214 214 215 224 236 248 260 272 284 296 303 311 341 359 369 378 387 396 400 403 405 408 410 413 411 410 409 408 408 407 396 380 373 366 359 336 319 307 303 307 326 328 324 354 377 393 422 442 457 471 483 506 506 513 516 527 526 519
123 124 125 126 127 128 128 129 128 126 125 126 127 127 128 133 141 149 157 160 162 163 165 167 170 173 175 178 182 185 189 193 196 199 200 202 204 205 206 207 208 212 224 235 247 259 271 281 285 289 315 344 373 383 392 401 404 407 410 412 415 415 414 412 411 410 410 402 384 367 358 351 340 312 284 263 266 270 259 244 259 290 320 356 388 415 431 446 484 520 512 500 512 524 529 515
121 122 123 124 125 125 126 127 126 125 125 126 126 127 128 129 136 144 151 152 154 156 158 160 162 164 167 170 174 178 181 185 189 192 194 195 197 198 199 200 201 202 211 223 235 247 259 263 267 271 289 318 347 376 398 405 408 411 414 417 418 417 416 415 413 412 407 390 373 356 342 335 316 288 256 234 237 226 189 164 203 245 292 340 372 389 405 436 492 535 510 482 480 510 528 503
119 120 121 122 122 123 124 125 125 124 125 125 126 127 128 128 131 140 143 145 147 148 150 152 154 156 159 163 166 170 174 177 181 185 187 189 190 191 192 193 194 195 199 211 223 235 241 245 249 253 263 292 321 350 380 387 387 387 386 386 388 392 396 401 405 409 396 379 362 344 327 320 292 259 226 204 207 175 143 149 170 215 265 315 348 364 379 420 460 500 487 464 462 463 493 490
117 118 118 119 120 121 122 123 124 124 125 125 126 127 127 128 129 134 136 137 139 141 143 145 146 148 151 155 159 162 166 170 173 177 180 182 183 184 185 186 187 188 189 198 210 219 223 227 231 235 239 266 295 325 345 342 341 341 341 341 344 347 351 356 360 363 358 349 339 330 316 295 262 229 196 175 161 135 135 145 164 188 236 279 300 316 331 364 404 427 414 417 407 405 419 415
118 119 120 121 121 122 123 124 125 127 128 128 129 130 130 131 131 130 132 134 135 137 139 141 143 144 146 149 153 156 159 163 166 169 173 175 176 177 178 179 180 181 182 186 197 201 205 209 213 217 221 241 270 299 301 298 296 296 295 297 299 302 306 310 314 317 315 306 296 287 282 267 232 199 166 145 128 127 127 141 148 166 210 226 248 259 281 302 330 349 349 351 340 334 321 310
119 121 122 123 124 124 125 126 129 132 133 134 134 135 136 136 136 133 132 133 135 137 139 141 142 144 144 147 150 154 157 160 164 167 170 171 172 172 173 173 174 174 175 175 178 183 187 191 195 199 203 215 244 260 257 254 252 250 250 253 255 258 261 265 268 270 272 263 254 249 252 240 206 172 138 120 120 119 119 131 132 145 172 176 175 182 221 259 290 299 294 298 283 261 236 192
116 124 124 125 126 127 127 129 133 136 138 139 140 140 141 142 139 136 132 133 135 137 139 141 142 143 144 145 148 152 155 158 161 165 167 168 169 170 170 171 171 172 172 172 170 171 172 172 176 180 184 189 218 216 213 210 208 205 206 209 211 213 216 219 221 224 226 221 217 219 220 207 180 146 115 110 111 111 113 114 115 124 134 144 149 165 180 213 249 259 261 262 244 206 152 79
113 123 127 127 128 129 130 133 136 140 143 145 145 146 146 146 143 139 135 133 135 137 139 141 142 142 143 143 146 149 153 156 159 162 163 165 166 167 167 168 168 169 169 167 164 165 166 166 167 168 169 170 174 175 176 177 178 179 177 178 179 180 181 180 181 182 183 185 187 189 187 174 154 119 103 99 101 101 102 96 98 111 121 130 135 150 165 185 221 237 239 236 223 185 120 84
