testcase/grobbendonk/input/mhw_correct.asc
NCOLS 693
NROWS 501
XLLCORNER 164937.5000000000
YLLCORNER 203637.5000000000
CELLSIZE 25.000000
NODATA_VALUE -2147483647
[rows 429 to 467 of 501, columns 445 to 533 of 693]
38 36 33 30 28 28 32 40 56 75 91 98 93 80 64 51 42 36 32 29 26 23 20 17 15 13 13 14 15 19 23 29 34 41 48 59 73 87 99 106 106 103 97 90 81 72 64 58 54 51 47 43 38 33 27 22 21 20 20 19 19 18 18 17 15 14 17 25 41 61 82 100 115 127 136 143 149 155 160 165 170 173 176 174 165 152 137 121 105
52 50 47 44 40 38 38 44 56 69 80 85 81 72 60 49 41 35 31 28 24 21 19 16 14 12 12 12 14 16 20 26 33 42 52 64 77 90 99 103 100 92 82 71 62 54 47 42 38 36 34 32 31 30 28 27 26 25 24 23 23 22 21 20 18 17 20 31 51 77 102 123 136 143 146 148 148 148 148 149 150 151 150 146 138 126 113 98 85
66 65 63 59 54 49 46 48 56 65 72 74 71 64 55 47 40 35 30 27 24 21 18 15 13 11 11 11 12 14 18 24 33 44 56 69 82 93 100 101 94 82 67 54 45 39 33 29 27 26 25 25 27 30 32 34 33 31 29 28 27 25 24 23 20 19 23 34 58 89 120 144 152 153 150 147 142 136 131 127 126 124 121 116 109 99 87 75 65
77 77 76 74 68 61 56 54 59 64 67 66 63 58 51 44 39 35 32 28 25 22 18 15 12 11 11 11 11 13 16 22 33 46 61 74 87 97 102 101 90 75 57 40 34 29 25 21 21 21 22 22 27 32 37 41 39 36 34 32 30 28 27 26 23 22 25 34 61 94 128 155 156 151 144 138 127 118 110 103 100 98 93 86 81 74 64 54 47
83 85 86 84 79 73 68 66 67 69 69 66 61 54 47 41 38 37 36 34 30 25 19 15 12 11 10 11 11 12 16 23 35 50 65 80 91 99 102 99 87 71 54 40 32 27 24 22 22 23 24 26 31 36 41 43 42 38 35 33 31 29 29 28 26 26 30 41 63 90 117 136 138 132 123 114 104 95 87 80 77 73 69 64 59 54 47 40 36
85 90 92 92 89 85 82 80 79 78 75 69 61 52 43 38 37 39 42 42 37 29 21 14 11 11 11 12 12 13 16 23 36 53 70 84 95 101 102 97 86 71 56 43 35 32 30 29 29 29 30 32 36 40 43 44 42 38 34 31 30 29 29 29 29 30 34 44 60 79 96 107 108 103 93 84 76 69 63 58 55 53 49 46 43 39 35 31 29
86 93 97 99 99 97 96 95 92 89 83 76 64 51 40 33 35 40 47 50 43 32 22 14 11 11 13 14 14 14 16 23 37 55 73 88 97 102 102 96 85 71 58 47 41 38 37 38 36 36 36 38 40 42 44 45 42 37 32 28 27 28 29 30 31 32 36 43 53 64 72 76 76 70 61 51 47 44 41 38 37 36 34 31 30 28 27 25 24
88 96 102 105 106 107 108 108 105 100 93 83 68 51 37 28 31 39 48 55 46 34 22 13 12 13 16 18 17 17 17 22 37 55 73 89 96 99 98 94 83 70 59 50 45 43 44 45 43 41 40 42 42 43 44 44 40 34 29 25 25 26 29 31 31 32 35 40 45 49 50 48 48 43 34 24 25 26 26 25 26 26 24 22 21 21 21 21 21
93 100 105 108 111 114 117 118 115 110 101 88 71 52 36 26 26 32 40 44 39 31 22 16 15 16 19 21 21 21 22 27 39 54 69 81 88 90 89 84 76 66 57 50 47 45 45 46 44 41 40 40 40 41 41 40 36 32 27 24 23 25 27 28 29 30 32 34 36 37 36 33 31 26 20 15 16 20 22 23 24 23 21 19 18 18 19 19 20
102 106 108 110 115 120 125 127 125 119 108 94 74 52 34 23 20 23 27 30 29 25 21 18 18 20 23 25 25 25 27 31 40 51 62 70 76 78 76 72 66 59 53 48 45 44 44 43 41 39 36 35 35 36 36 35 32 29 25 23 22 23 24 26 26 27 27 28 28 29 27 25 22 18 15 14 17 22 27 29 29 26 23 20 18 18 18 19 20
114 114 112 112 119 127 133 136 134 127 116 99 76 52 31 17 12 12 14 16 18 19 19 19 21 23 26 29 29 29 31 34 40 46 53 59 63 64 63 59 55 51 47 44 42 42 41 40 37 34 31 29 29 30 30 30 28 25 23 21 21 21 22 23 23 23 23 22 23 23 23 21 19 16 16 18 23 30 37 41 39 34 29 24 21 20 20 20 20
128 125 120 117 126 136 144 146 143 134 121 104 76 49 25 9 3 3 4 5 10 14 17 20 22 25 29 32 32 31 32 35 38 42 45 48 51 53 51 48 47 45 42 39 39 39 38 37 34 30 26 23 24 25 26 25 24 23 21 19 19 20 20 21 21 21 20 19 20 21 21 20 18 17 18 23 30 39 48 54 50 43 35 29 24 22 21 22 21
141 138 134 133 139 149 156 157 151 138 120 98 70 43 19 4 -3 -3 -1 3 8 13 16 19 22 25 28 30 31 31 32 34 35 37 39 41 43 45 44 43 42 41 39 37 37 36 35 34 31 27 24 21 21 22 22 22 21 20 19 18 18 18 19 20 21 21 21 20 21 20 20 19 18 18 21 27 37 47 57 62 58 50 41 33 27 24 22 22 21
155 153 150 150 156 164 169 169 159 141 118 91 63 35 13 -2 -7 -6 -1 5 10 13 16 19 21 23 25 27 28 29 30 31 32 33 34 35 38 40 41 41 40 39 38 37 36 35 34 32 29 26 23 21 20 20 20 20 19 19 18 17 17 18 19 20 21 23 24 24 23 22 21 20 19 20 23 31 42 54 65 69 66 57 47 37 30 25 23 21 21
172 170 167 166 171 178 183 181 166 143 115 85 55 28 6 -8 -11 -7 1 9 13 16 17 18 20 21 22 23 24 26 27 29 29 29 30 31 34 36 39 40 40 39 38 36 35 34 33 31 28 25 23 21 20 19 19 18 18 17 17 17 17 17 18 20 22 25 27 28 26 24 22 20 19 21 24 33 46 60 72 78 75 65 53 41 33 28 24 21 20
190 186 182 180 184 190 194 192 172 145 114 81 51 23 1 -13 -14 -7 3 13 16 18 18 18 18 19 19 19 21 23 25 26 26 26 27 27 30 34 38 40 40 39 38 36 35 33 32 30 27 25 23 21 20 19 18 18 17 17 16 16 16 17 18 20 23 27 30 31 29 25 23 21 20 21 26 34 49 65 79 88 84 74 61 47 39 32 26 22 20
207 203 197 194 194 196 196 189 170 144 113 81 50 22 0 -13 -14 -7 3 13 18 19 19 19 18 18 17 18 19 21 23 24 24 24 24 26 28 32 35 38 39 38 37 36 34 32 30 28 26 24 22 21 20 19 18 17 17 16 16 16 16 16 18 20 24 27 30 31 29 25 22 20 20 23 29 39 54 70 84 92 91 83 72 60 49 38 29 23 20
223 216 209 203 200 198 193 184 166 142 114 84 52 23 1 -12 -13 -6 4 13 18 21 20 20 19 18 17 17 19 20 22 23 23 23 23 24 26 30 33 36 37 37 36 35 33 30 28 26 24 23 22 21 20 19 18 17 17 16 16 15 15 16 17 20 23 27 30 31 29 25 21 19 21 25 33 44 59 75 88 96 98 94 86 74 61 46 33 24 19
235 226 216 208 201 196 189 178 162 141 116 88 56 26 3 -11 -12 -4 6 15 21 23 23 21 20 19 18 18 19 21 22 23 23 23 22 23 25 28 31 33 34 35 35 34 31 29 26 23 22 21 21 21 20 19 18 17 17 16 15 15 15 15 17 19 23 27 30 31 29 26 22 20 23 29 38 49 64 79 92 101 105 104 99 89 73 54 37 24 18
242 229 216 206 197 190 182 171 157 139 117 92 60 30 5 -10 -9 -1 10 19 25 27 27 25 24 22 21 20 21 22 24 24 24 23 22 22 24 26 28 30 32 32 33 32 30 26 23 21 20 20 20 20 20 19 18 18 17 16 16 15 15 15 16 18 23 27 31 34 32 29 25 23 29 36 45 56 70 85 97 105 110 111 109 102 82 60 40 24 18
237 223 208 196 187 182 175 166 153 136 115 90 61 33 11 -2 -2 5 14 23 29 32 33 32 30 28 25 24 24 25 26 27 26 26 24 24 24 25 26 27 28 29 29 28 27 24 22 20 19 19 19 19 19 19 18 18 18 17 17 16 16 16 17 19 24 29 33 36 37 36 35 36 40 47 56 66 79 91 101 108 112 113 110 102 84 63 43 28 20
228 211 193 179 172 170 168 161 149 131 110 87 60 36 17 6 6 12 20 29 35 39 40 40 37 34 31 29 28 29 30 30 30 29 27 26 25 24 24 24 25 25 25 25 23 22 20 19 19 18 18 18 18 19 19 19 19 18 18 18 17 16 17 20 25 31 36 41 44 47 49 52 56 62 70 79 88 97 104 110 113 112 108 99 83 63 45 31 21
216 197 175 159 155 157 159 156 143 125 105 82 58 37 21 12 12 18 26 35 41 45 47 48 44 40 36 34 33 33 34 34 33 32 30 28 26 24 22 21 21 21 21 21 21 20 19 19 18 18 17 17 18 18 19 19 19 19 19 19 18 17 18 21 27 34 41 48 54 60 65 69 73 78 84 91 98 103 108 110 112 110 105 95 79 62 45 32 22
207 185 161 140 140 146 150 149 135 116 96 75 53 35 22 16 17 23 31 39 44 48 51 53 49 45 40 37 37 37 37 38 35 33 31 30 26 23 20 18 18 19 18 18 18 18 18 18 18 17 17 17 17 18 18 19 19 19 20 20 18 17 18 22 30 39 48 57 66 74 82 87 90 93 97 102 106 109 111 111 110 107 100 90 75 58 43 31 21
200 180 157 140 136 137 138 134 120 101 81 62 44 30 21 18 20 25 32 39 43 47 49 51 49 46 43 41 40 39 38 37 35 32 30 28 25 22 20 18 18 17 17 17 17 18 18 18 17 17 16 16 17 17 17 18 18 19 19 18 17 16 18 23 33 45 57 69 80 90 98 103 104 105 106 108 111 113 114 114 111 105 95 83 69 53 40 28 19
197 178 158 143 135 132 128 120 105 85 64 45 31 22 18 18 21 25 31 36 39 42 44 45 45 45 45 44 42 40 38 36 33 30 27 25 23 21 19 18 18 18 17 17 17 17 17 17 17 16 16 16 16 16 17 17 18 18 18 17 16 15 17 23 36 51 67 82 95 105 113 116 116 113 111 111 114 117 118 117 112 103 91 77 63 48 35 25 17
194 177 160 146 135 128 120 108 91 70 48 29 19 15 15 17 20 24 28 32 34 36 37 38 41 43 45 45 44 41 37 33 30 27 24 22 20 20 19 19 18 18 18 18 18 18 18 17 17 16 16 16 17 17 17 17 18 19 19 18 16 15 17 24 39 59 78 95 109 119 126 128 125 119 114 112 114 119 122 122 114 102 88 72 58 44 32 23 16
189 174 159 146 135 125 114 100 82 59 36 16 11 10 12 16 19 22 25 27 29 30 30 31 36 42 45 47 45 40 36 31 27 24 21 19 18 19 19 19 19 19 19 19 18 18 18 17 16 16 16 17 18 19 19 20 21 22 22 21 19 17 19 25 44 67 89 108 120 129 134 137 129 120 113 110 114 120 125 126 117 103 86 69 55 42 31 23 18
177 166 154 143 132 121 110 96 77 56 35 18 11 10 11 14 17 20 22 24 25 26 27 29 34 41 46 47 45 40 34 29 25 22 20 18 18 18 19 19 19 19 19 19 19 18 18 17 16 15 15 17 19 22 25 27 29 29 29 27 25 24 27 36 54 77 99 117 128 133 136 134 127 118 112 110 113 120 125 125 117 104 88 71 57 44 34 26 23
161 155 146 137 128 118 108 95 78 59 40 26 17 13 13 14 16 19 20 22 23 23 24 28 34 41 46 48 46 40 33 27 23 21 19 19 18 18 19 19 19 19 19 19 19 19 18 18 16 15 15 17 22 28 34 38 40 40 38 36 34 34 38 48 66 88 109 125 133 135 133 128 122 115 110 108 113 120 125 125 118 106 91 75 61 49 39 32 30
145 142 137 130 122 115 107 96 81 64 48 35 26 20 17 16 17 19 20 21 21 22 23 26 33 41 48 50 47 40 32 25 22 20 20 20 19 19 19 18 19 19 19 19 19 19 19 18 17 16 16 19 27 36 45 51 53 52 50 48 45 45 49 59 76 97 118 133 138 136 130 123 118 113 109 108 114 121 127 127 120 109 95 81 67 55 45 40 38
131 132 128 122 116 111 104 97 83 69 56 45 36 29 23 20 20 21 22 22 22 22 23 25 32 41 48 52 47 40 31 24 21 20 20 21 20 19 19 18 18 18 18 18 18 18 19 20 19 18 19 23 34 47 58 66 67 66 63 61 57 56 59 68 85 105 124 140 141 137 130 122 119 117 113 111 118 125 130 131 123 112 99 87 73 61 53 48 48
124 125 122 116 110 104 98 91 81 72 63 55 46 38 32 28 26 26 26 26 25 25 25 27 32 39 45 48 45 39 32 26 23 22 21 21 20 19 18 18 18 18 18 18 18 17 18 19 21 24 28 35 47 60 72 79 80 78 75 71 69 68 71 79 92 109 124 136 140 139 135 131 130 130 129 128 131 134 135 132 124 114 102 91 79 69 61 57 57
120 120 116 110 103 95 88 82 77 73 69 64 56 48 41 36 33 32 32 31 30 28 27 29 32 37 42 43 42 38 34 30 26 23 22 20 19 19 18 18 18 18 18 18 17 17 17 19 24 31 39 50 63 76 86 93 93 90 86 82 80 79 82 89 99 111 122 132 138 142 145 146 148 150 151 151 149 146 141 135 126 116 105 95 85 76 70 66 66
116 114 110 104 95 85 77 71 70 71 73 72 65 57 49 43 39 37 37 36 34 31 29 30 32 35 38 39 39 37 35 32 28 25 22 20 19 18 18 18 18 18 19 18 17 17 17 20 28 39 52 65 78 91 101 107 106 102 97 93 90 91 93 99 106 114 121 129 139 149 157 164 169 173 176 176 169 159 148 138 128 118 109 100 91 84 79 76 75
108 106 102 95 85 74 65 59 62 68 74 77 70 61 53 47 42 40 40 40 36 33 30 29 30 32 34 34 35 35 35 34 30 26 22 20 18 18 18 18 18 18 19 19 18 18 19 22 34 49 64 80 92 104 114 120 117 112 107 103 101 102 105 109 114 119 124 130 144 159 172 182 190 195 198 198 186 170 156 142 131 122 113 105 98 92 88 86 85
92 92 90 84 74 64 55 51 55 62 69 72 68 60 51 45 40 38 38 37 35 32 30 29 29 29 30 31 32 32 32 31 28 25 22 19 18 18 18 18 18 18 18 19 20 21 25 32 44 60 76 91 103 113 121 125 123 119 115 112 111 113 116 120 124 129 134 143 157 173 188 200 208 212 212 208 195 178 161 147 135 126 119 112 106 101 97 95 95
73 77 77 72 64 54 46 43 47 54 62 65 62 54 46 39 35 33 33 32 31 30 28 27 27 27 27 28 28 29 29 28 26 23 21 19 18 18 18 18 18 18 18 19 22 26 32 42 55 70 86 100 111 119 124 127 127 125 123 121 122 124 128 132 136 142 149 159 173 189 205 217 224 225 222 214 200 182 165 151 140 131 125 119 114 110 107 106 105
55 63 65 63 56 46 38 34 38 46 54 57 54 46 38 31 28 27 27 27 27 26 26 25 25 25 24 24 25 25 25 25 23 21 19 18 17 18 18 19 19 18 19 20 25 32 40 51 65 80 95 108 117 123 126 128 130 130 130 131 133 137 141 146 150 156 164 174 189 205 221 233 237 235 229 218 202 185 168 154 143 136 131 127 123 120 117 117 116
