testcase/grobbendonk/input/mhw_correct.asc
NCOLS 693
NROWS 501
XLLCORNER 164937.5000000000
YLLCORNER 203637.5000000000
CELLSIZE 25.000000
NODATA_VALUE -2147483647
[rows 273 to 311 of 501, columns 178 to 266 of 693]
63 53 43 40 37 32 27 38 50 62 71 75 77 78 78 80 82 85 89 87 86 86 85 84 83 86 95 107 122 133 136 141 138 131 123 118 117 119 125 123 125 128 133 146 158 164 168 180 188 192 193 190 186 180 171 158 142 126 111 96 82 70 61 59 61 68 74 71 67 60 52 60 66 71 76 82 88 94 99 103 107 113 124 143 166 190 212 231 249
74 68 62 57 52 47 44 48 55 59 60 70 77 81 83 85 85 86 86 85 84 85 86 85 86 90 101 111 125 138 148 144 137 129 122 121 123 127 132 137 143 152 163 177 188 193 194 203 205 199 189 181 173 164 155 143 133 123 112 97 81 66 56 57 63 70 74 75 71 65 62 64 69 74 79 86 94 100 107 112 119 127 141 161 184 209 231 247 260
88 87 85 80 75 71 69 70 71 71 72 79 86 92 96 95 92 88 83 84 84 84 84 87 90 92 92 111 126 139 150 141 134 128 124 124 127 132 139 148 160 176 199 215 231 243 245 251 244 223 196 183 169 153 139 129 124 122 116 101 83 68 58 59 66 75 82 81 77 74 72 72 74 79 85 92 99 107 115 121 129 139 155 174 197 222 243 254 261
100 102 103 100 98 98 99 96 93 91 91 96 101 105 108 108 105 100 95 94 93 92 93 98 106 114 123 129 133 129 115 125 127 125 125 125 129 136 144 155 169 187 213 242 276 308 328 324 304 271 232 208 180 150 126 116 116 119 122 104 87 72 63 63 68 76 80 82 81 79 79 78 80 84 90 97 104 112 120 127 136 147 162 181 202 224 242 249 253
108 110 112 111 112 116 122 117 112 111 113 115 118 121 122 125 125 122 118 115 112 110 111 117 126 137 146 149 149 149 149 136 126 120 119 120 127 137 149 159 171 186 208 253 305 360 409 393 367 337 297 259 211 161 119 111 112 112 104 100 88 76 67 66 70 78 87 85 82 80 81 81 84 88 94 100 108 115 122 131 140 151 165 181 200 218 232 238 240
109 108 108 109 113 118 123 122 121 124 129 131 135 140 144 150 153 152 148 145 140 136 135 140 150 160 168 167 162 157 151 136 120 109 102 108 119 134 149 159 171 187 211 255 305 355 403 405 403 398 384 324 256 192 141 126 124 125 124 110 96 84 76 70 70 74 81 79 78 79 81 83 87 91 97 105 113 120 127 136 144 153 164 178 194 207 217 223 226
106 102 100 101 104 109 114 116 119 126 135 140 148 159 172 180 186 188 186 183 176 167 160 165 173 182 186 178 167 155 141 127 112 99 91 97 108 123 141 150 164 186 213 248 280 304 313 363 396 414 412 357 290 229 181 158 148 142 137 122 106 91 82 72 67 66 65 69 74 79 83 87 91 97 104 113 123 131 137 145 152 158 165 177 189 199 205 211 215
102 96 92 91 93 95 97 102 109 116 126 137 152 171 191 205 217 228 234 230 220 206 194 194 198 199 197 184 167 150 133 119 106 96 91 91 94 100 108 124 145 176 219 235 258 282 305 345 375 391 387 350 302 255 220 192 174 159 141 135 121 100 76 74 73 68 65 69 76 82 89 92 98 105 115 125 137 147 155 161 165 168 172 180 188 195 200 203 206
101 93 87 85 84 84 85 91 98 105 113 130 149 172 197 218 241 264 281 278 267 253 237 232 226 216 202 185 165 145 128 112 101 95 91 86 82 81 81 93 109 128 151 183 220 263 311 328 343 348 331 320 291 260 238 215 203 194 183 175 159 136 112 105 98 88 78 82 87 91 94 99 105 114 126 138 152 165 176 179 180 180 181 184 189 194 197 197 196
103 94 86 83 82 82 83 89 96 103 111 126 145 164 187 219 252 284 310 314 311 303 292 278 259 235 209 189 167 143 122 108 99 94 90 81 74 69 69 70 75 80 88 124 162 204 249 271 294 315 326 302 270 241 220 218 224 235 244 230 213 195 178 161 145 130 116 114 112 108 105 109 114 122 133 146 163 180 193 194 191 188 187 186 188 190 192 189 185
108 99 91 88 88 89 92 98 104 111 119 132 146 161 182 216 253 289 318 332 340 345 345 322 293 261 227 206 181 152 123 111 103 95 89 77 67 59 54 52 53 57 69 83 101 119 134 179 220 254 277 257 231 210 199 211 232 256 276 269 257 247 239 217 198 183 172 160 149 138 127 128 129 131 137 152 171 189 203 201 195 190 186 183 182 182 182 178 172
117 108 101 100 102 105 110 115 121 128 137 145 156 168 186 217 252 283 309 331 349 363 369 348 320 292 265 241 214 182 149 134 119 103 89 74 63 56 50 43 38 37 40 47 55 62 72 107 142 169 188 182 174 170 179 196 224 254 272 281 279 274 269 252 239 230 224 207 192 178 166 159 153 148 147 161 177 191 200 198 191 184 178 173 171 170 169 164 159
127 120 116 116 120 125 131 136 141 148 156 163 172 184 200 225 253 277 298 321 340 354 361 347 330 316 304 282 259 233 203 180 152 120 90 76 66 57 49 39 32 27 25 25 27 31 41 59 76 82 72 97 111 120 133 165 204 245 278 284 281 274 266 262 259 258 258 241 226 216 209 196 183 174 169 176 185 191 192 191 184 175 166 161 158 156 153 150 146
140 136 135 137 141 147 153 158 163 169 175 183 193 205 220 239 259 277 293 308 319 325 325 323 319 317 318 309 302 294 279 245 201 153 111 94 82 69 55 43 33 26 22 15 13 14 20 31 42 50 59 65 73 83 96 133 175 217 253 266 269 267 262 264 263 260 253 248 243 239 238 223 211 202 198 197 197 197 193 190 182 171 160 155 150 144 139 137 137
155 154 156 159 163 169 176 181 186 191 196 205 215 227 240 253 266 279 290 295 296 293 286 289 292 296 304 311 324 339 345 305 255 203 155 135 117 94 70 56 43 31 22 12 8 10 16 21 26 31 33 44 54 67 88 110 142 177 210 233 249 259 262 267 265 258 247 246 245 241 235 232 227 224 224 217 212 207 202 197 189 178 165 159 151 141 132 132 133
170 172 175 179 185 191 198 204 209 214 220 227 236 246 256 263 270 277 282 281 276 268 259 259 260 262 268 290 317 344 359 333 296 261 229 200 170 139 107 88 67 44 24 13 9 11 16 19 25 32 40 44 47 52 59 82 105 131 159 195 229 255 270 274 269 259 249 244 241 240 236 237 234 230 225 223 221 218 216 208 201 193 185 176 165 152 141 139 138
185 188 193 198 204 212 219 225 231 237 244 248 254 260 266 268 269 270 269 265 259 251 243 239 235 232 234 259 288 314 329 321 308 299 292 258 225 196 165 139 107 70 36 25 20 17 18 21 29 40 49 50 50 54 62 69 79 93 116 164 215 257 281 281 268 254 245 231 228 234 245 239 234 230 225 226 224 219 213 212 211 210 208 197 185 175 165 160 155
197 202 207 213 220 228 237 242 248 255 261 263 265 267 268 267 264 260 255 251 247 241 235 227 221 215 216 232 252 266 272 278 282 288 295 275 257 246 232 200 159 116 76 59 46 33 25 28 36 46 55 54 53 55 60 61 64 72 95 149 210 262 289 282 256 226 203 192 192 202 214 217 220 225 229 228 225 221 217 217 218 218 217 211 205 200 196 188 181
207 212 218 224 231 239 247 253 259 264 269 270 269 268 266 263 258 252 244 240 236 232 228 220 213 208 207 213 220 221 217 223 228 233 242 241 248 263 276 246 208 172 138 114 90 65 46 44 48 54 59 55 54 56 61 61 62 70 92 151 215 270 301 277 234 187 150 139 142 152 165 177 191 207 224 221 218 218 218 219 219 217 214 216 217 219 221 213 206
215 220 225 231 238 245 251 257 262 266 270 270 269 266 262 258 252 245 238 231 226 222 218 212 207 203 202 199 195 189 180 171 161 152 149 167 194 226 254 245 232 221 207 179 145 110 78 73 69 64 58 53 52 55 61 65 73 88 115 169 226 270 286 258 207 149 103 90 92 100 110 129 148 166 182 189 196 205 215 215 215 216 215 220 222 222 220 222 222
221 226 230 237 243 248 252 257 260 263 265 265 264 262 258 253 247 240 232 223 214 208 204 200 198 197 194 185 173 160 146 123 99 76 60 86 119 151 181 200 218 240 256 228 197 169 144 126 105 81 57 54 53 54 59 71 90 118 155 198 239 269 272 237 181 120 70 55 55 61 69 87 104 118 129 144 159 175 190 194 200 211 224 222 221 221 220 226 228
227 232 236 242 247 251 253 255 256 256 256 257 257 257 254 248 240 231 222 210 200 192 186 185 186 186 182 167 148 128 107 80 52 28 13 28 50 71 91 130 171 210 239 232 221 215 214 184 152 118 83 76 69 63 65 80 108 146 188 222 251 266 260 219 161 102 55 36 33 39 49 62 72 80 87 103 118 131 142 154 167 181 195 200 207 218 231 230 229
234 238 242 247 251 253 254 253 250 247 245 247 248 249 247 240 229 218 207 195 183 174 168 169 171 171 165 146 120 93 66 43 22 5 -4 -1 8 16 26 69 113 150 177 194 206 218 226 214 197 175 148 129 104 79 65 86 122 165 208 236 254 259 243 202 146 90 47 26 23 30 41 48 53 57 61 73 84 92 98 113 127 138 148 161 175 191 207 213 221
240 245 250 253 255 256 254 249 244 238 234 235 238 239 237 228 216 202 189 178 167 158 152 153 154 152 144 122 94 62 34 17 6 -2 -6 -7 -6 -2 9 36 67 92 111 142 169 191 205 220 229 235 231 196 152 112 84 102 134 173 212 235 249 248 227 188 134 81 40 19 16 25 37 41 43 46 50 56 63 69 74 83 92 98 103 117 133 149 164 178 193
246 252 257 259 258 256 252 245 237 229 224 224 225 226 223 214 201 187 173 162 153 145 140 138 137 132 122 100 73 43 17 6 2 3 5 0 -3 -1 9 24 42 56 67 99 130 160 193 209 233 263 284 242 192 154 134 132 146 170 197 223 240 243 226 183 128 73 31 11 9 18 30 35 37 39 43 47 53 58 62 67 69 70 71 83 95 106 116 136 156
251 258 262 262 259 255 248 238 228 220 214 212 212 211 207 199 187 173 160 150 142 135 130 126 121 114 101 83 60 36 17 8 6 9 12 9 7 9 15 25 38 50 62 77 92 106 124 155 192 230 255 229 195 170 158 146 147 160 180 208 231 240 227 184 127 69 23 3 2 11 23 28 31 34 37 42 48 54 59 59 57 56 56 62 69 76 85 103 122
255 262 265 263 258 250 240 228 217 208 202 198 196 194 190 182 172 161 150 140 132 126 121 115 109 99 86 72 55 37 23 15 13 15 18 18 18 20 24 33 44 55 66 64 61 56 55 89 125 155 173 172 162 150 140 136 137 145 164 195 225 240 229 192 134 71 20 -1 -3 6 18 23 26 29 32 38 44 50 55 53 50 48 48 50 54 60 68 84 100
257 264 266 262 253 242 229 215 203 193 186 181 178 176 173 166 157 148 139 129 122 116 111 106 99 91 80 68 56 43 33 25 21 21 24 27 30 34 38 45 52 58 62 53 42 32 28 45 64 77 83 103 117 124 128 123 121 127 147 185 225 252 249 216 155 85 26 3 1 7 16 19 22 25 30 35 40 45 49 47 44 42 42 43 47 54 64 78 94
259 264 265 258 247 232 215 200 186 174 166 162 160 158 155 150 143 134 126 117 110 104 100 96 92 87 80 70 59 48 40 32 27 26 29 34 42 51 59 59 57 54 50 42 32 24 21 22 25 25 25 54 81 99 106 106 103 107 128 175 231 276 291 258 195 118 50 26 17 15 17 17 20 24 28 32 35 39 41 40 37 36 36 39 45 54 65 80 96
259 263 262 253 239 222 203 186 170 156 146 143 142 141 139 135 129 121 113 105 97 91 87 85 84 84 82 72 62 52 43 36 31 29 31 39 50 61 69 66 59 50 41 34 27 23 20 14 9 8 15 39 66 87 95 95 88 87 106 161 232 297 335 305 245 175 109 76 53 35 23 20 21 24 28 29 31 32 33 32 31 31 32 38 46 57 70 86 103
259 261 258 248 232 213 192 174 156 141 129 127 127 127 125 123 118 111 102 95 87 79 74 73 75 77 77 71 62 53 45 40 35 33 34 43 55 66 72 68 58 46 35 29 25 23 20 12 6 5 16 39 68 94 109 98 80 71 84 141 217 293 346 329 287 238 191 144 103 67 40 32 29 29 29 27 27 26 25 25 25 26 30 37 47 60 75 91 108
256 257 253 241 224 205 184 164 146 130 120 117 117 118 118 116 112 106 98 89 79 70 64 63 65 67 67 64 60 54 48 44 40 38 40 47 57 66 70 65 55 43 33 27 24 22 20 13 8 8 18 44 75 103 117 100 76 59 65 114 183 252 304 313 301 280 252 205 155 109 72 55 46 39 33 28 25 23 21 20 21 23 28 36 47 60 76 92 108
250 251 246 232 214 195 175 155 137 123 114 111 111 112 113 111 108 102 95 85 74 65 57 54 54 55 57 57 56 54 52 49 46 44 44 49 56 62 64 59 50 40 31 26 23 22 20 16 12 14 24 51 83 108 116 99 71 49 48 83 136 193 241 269 284 292 285 247 198 150 109 88 71 55 41 33 27 22 19 17 18 21 27 35 46 59 73 89 104
241 240 235 218 199 180 163 143 127 116 109 107 107 108 109 107 104 100 93 83 71 60 52 46 44 43 44 47 51 55 57 55 52 49 49 51 54 55 51 50 45 37 30 25 22 21 20 19 19 25 39 62 90 113 121 99 68 42 33 52 87 126 165 204 240 272 293 261 223 187 155 130 105 80 55 45 35 25 18 15 16 20 26 33 43 54 68 81 94
225 220 209 195 177 158 138 125 113 106 102 101 102 103 104 103 100 96 89 79 68 57 47 40 35 30 28 36 45 54 60 59 56 53 52 53 54 55 55 49 42 35 28 23 21 20 20 22 25 32 46 68 92 112 117 94 63 35 20 27 45 63 81 130 175 210 229 228 218 208 199 168 139 113 90 69 50 33 20 16 16 20 25 31 39 48 57 68 79
209 200 188 173 155 136 119 107 99 94 93 93 95 98 100 99 95 90 83 74 65 55 46 37 30 24 24 31 41 51 59 60 58 55 53 53 54 54 53 47 40 33 27 22 19 19 20 24 30 39 52 71 88 101 101 82 55 31 17 16 22 33 49 83 118 145 162 178 187 193 194 177 156 138 119 94 68 45 28 22 21 23 26 31 37 43 49 57 65
190 180 167 152 134 117 101 90 83 80 81 82 86 91 95 92 88 83 77 69 61 53 45 36 28 22 21 28 38 49 57 59 58 55 53 52 52 51 49 44 38 32 26 21 18 18 21 27 35 46 57 71 82 87 83 67 47 29 18 14 16 24 37 56 76 91 102 126 146 161 168 163 154 146 136 110 83 58 39 33 31 30 30 33 37 41 44 49 54
170 159 146 131 115 99 85 75 67 64 64 67 72 78 82 81 77 72 67 62 56 51 44 35 27 21 21 26 36 46 53 56 56 54 52 50 48 46 44 39 35 30 25 21 18 17 21 29 41 53 63 71 74 72 65 53 39 27 19 17 19 25 34 44 54 62 71 90 108 122 131 134 134 131 125 109 91 74 60 52 46 43 41 41 41 42 43 45 47
148 136 124 110 96 82 70 60 52 47 46 50 57 63 67 67 65 61 56 54 51 48 43 35 27 21 20 25 34 43 50 53 53 51 49 46 43 40 37 34 31 28 25 21 18 17 21 32 46 60 70 72 68 60 49 41 33 27 23 24 27 33 39 43 45 48 54 65 77 86 93 101 106 107 105 99 92 86 79 70 63 57 53 50 47 45 44 43 43
