testcase/grobbendonk/input/mhw_correct.asc
NCOLS 693
NROWS 501
XLLCORNER 164937.5000000000
YLLCORNER 203637.5000000000
CELLSIZE 25.000000
NODATA_VALUE -2147483647
[rows 195 to 233 of 501, columns 89 to 177 of 693]
93 83 76 72 63 57 55 58 70 82 92 112 166 228 288 350 424 503 576 622 607 569 527 482 421 359 300 252 226 207 188 165 140 113 86 61 41 26 16 10 8 8 10 12 13 13 15 17 20 23 28 33 44 55 65 72 75 76 77 78 82 87 93 99 104 108 113 119 125 131 137 142 147 151 155 158 160 160 158 153 142 127 111 96 84 75 68 64 63
90 73 62 58 46 40 41 52 85 118 142 166 247 323 387 442 518 595 668 721 668 601 539 480 397 314 239 177 162 156 147 135 119 102 83 66 49 35 25 19 16 15 15 15 15 14 14 14 14 15 16 18 32 46 59 69 75 78 82 85 90 95 102 109 113 118 123 128 133 138 143 147 152 157 161 164 164 164 162 158 144 128 110 93 82 74 67 63 60
74 53 37 28 26 33 53 88 145 210 271 328 400 465 518 560 602 639 668 675 623 553 483 413 336 260 194 145 127 122 119 114 106 95 84 72 59 47 38 32 27 25 22 20 18 15 13 12 11 10 11 15 26 40 53 65 73 79 85 90 95 101 107 113 118 124 129 135 140 144 149 152 156 159 162 164 164 163 160 154 143 128 112 96 85 75 67 61 57
55 31 11 4 17 45 86 146 236 339 440 524 583 625 655 669 662 641 611 571 514 449 381 315 254 200 154 121 107 103 102 102 98 93 87 80 70 61 53 46 41 36 31 27 22 18 14 11 9 9 10 15 24 36 49 60 70 79 87 93 99 104 109 114 120 127 134 140 145 149 153 156 158 159 160 161 160 158 155 149 139 127 115 102 90 78 69 60 54
43 20 0 -3 32 83 143 220 340 477 610 715 750 759 761 748 686 605 518 437 378 321 262 205 168 139 116 100 92 90 92 94 95 94 92 89 82 75 68 62 54 47 40 34 27 20 14 10 8 9 11 16 24 34 44 56 67 78 87 95 100 105 108 113 121 129 136 142 147 151 154 156 157 156 156 155 153 151 147 142 135 127 118 108 96 84 72 62 53
42 30 20 23 89 164 235 312 449 595 736 852 841 814 793 766 655 532 410 299 248 204 154 106 94 88 84 83 80 81 84 89 91 94 96 97 92 87 81 75 65 55 47 40 30 21 15 10 9 10 12 17 23 31 41 51 63 75 86 96 101 104 107 112 120 129 137 144 147 149 151 153 151 150 148 146 145 142 139 134 131 127 121 114 103 90 78 65 54
49 68 94 136 211 297 382 467 569 669 757 812 794 751 702 642 540 425 313 218 164 125 90 62 55 58 62 66 69 72 76 80 85 90 95 98 97 94 89 82 71 59 48 38 28 20 15 11 10 11 13 17 23 30 38 48 60 72 83 93 99 104 108 113 121 131 138 143 145 144 143 142 141 140 139 138 136 134 131 128 127 125 123 118 109 98 85 72 59
71 127 193 269 356 449 541 619 669 698 710 700 661 603 536 462 382 299 218 150 105 76 54 41 38 42 49 55 59 62 65 70 76 84 90 95 97 96 93 86 73 59 44 32 23 17 14 12 11 12 14 18 22 28 35 44 56 69 81 90 98 104 109 115 123 132 139 143 142 137 132 128 127 128 129 129 128 126 123 122 122 123 123 120 114 105 94 81 67
109 196 293 393 482 575 669 737 727 681 619 550 491 423 344 266 217 173 128 89 62 45 36 33 32 36 42 48 51 52 54 58 65 74 82 89 93 94 93 86 73 56 39 25 18 14 13 13 13 13 15 18 22 26 32 41 54 68 80 90 98 105 110 116 125 134 141 143 138 130 120 113 113 117 120 121 120 118 115 114 116 119 122 123 119 112 103 92 75
173 268 371 477 548 628 716 784 714 612 500 389 325 257 176 95 81 72 58 42 31 25 25 30 29 31 36 41 42 41 42 44 53 62 72 79 84 87 88 84 69 51 33 18 13 12 13 14 14 14 16 19 21 25 31 40 54 69 83 93 102 109 114 118 127 136 143 144 136 123 110 100 103 108 113 115 114 111 108 106 109 114 119 123 120 116 109 100 83
283 339 401 466 519 572 622 644 584 488 380 279 208 145 82 30 17 16 15 13 10 10 13 18 19 21 25 28 29 30 31 34 41 50 58 65 71 74 75 71 60 45 30 18 13 12 13 14 14 14 15 18 21 26 33 44 59 76 91 103 112 117 121 126 132 139 143 142 133 120 107 99 100 104 109 111 109 105 102 100 103 108 113 117 117 115 110 101 85
403 396 396 405 423 441 452 442 399 333 254 179 122 76 36 7 -4 -4 -2 0 0 1 3 6 8 10 12 14 16 18 21 25 30 37 43 49 54 58 59 56 48 38 28 19 15 14 14 15 15 15 15 18 22 28 37 49 66 85 102 116 123 128 130 133 137 141 143 140 131 119 107 100 100 104 109 110 107 102 96 94 96 101 106 110 112 111 108 99 86
499 424 359 312 294 281 258 226 206 176 133 88 55 32 15 6 -3 -5 -4 -2 -3 -4 -4 -4 -3 -1 0 1 4 8 11 15 20 24 28 32 37 42 43 42 38 32 26 21 19 17 17 18 17 17 18 20 25 33 43 56 75 96 115 130 135 137 137 138 140 142 142 139 130 119 108 102 102 106 111 112 108 100 92 88 90 95 99 103 106 107 105 98 85
532 407 296 207 170 138 93 41 50 50 36 16 6 3 5 11 3 -1 -1 1 -1 -5 -8 -10 -8 -7 -7 -8 -4 1 4 7 11 14 16 18 23 28 30 29 29 28 26 24 23 23 23 23 23 23 24 26 33 42 53 65 85 106 126 141 143 142 140 139 139 139 140 138 129 118 109 103 105 109 114 116 109 100 91 85 88 93 97 100 103 104 102 96 82
447 330 223 138 88 49 9 -25 -24 -19 -19 -23 -21 -16 -7 1 0 0 0 1 0 -3 -5 -7 -6 -6 -5 -6 -4 -1 0 3 5 8 11 13 16 19 21 22 24 27 28 29 29 29 30 30 31 33 35 40 48 58 69 82 99 116 130 140 142 139 136 134 133 133 132 130 124 117 111 108 109 112 115 115 110 102 94 91 94 99 103 105 106 104 98 89 77
301 218 140 77 35 4 -22 -41 -44 -42 -39 -37 -32 -26 -17 -10 -6 -3 -1 1 1 1 0 0 0 1 2 2 1 0 0 1 3 6 9 12 14 15 16 17 22 27 32 35 37 37 38 39 41 45 50 57 67 78 89 101 113 123 131 135 135 131 127 124 123 122 122 120 118 115 112 111 113 115 116 116 111 105 101 100 104 110 115 117 114 107 97 84 71
141 100 61 27 5 -11 -21 -28 -35 -38 -37 -35 -32 -28 -22 -17 -11 -5 -1 2 4 5 7 8 9 11 12 12 9 4 1 0 2 6 10 13 13 12 12 14 20 28 36 42 44 44 45 48 52 57 65 75 86 98 110 120 125 127 128 127 124 119 114 111 110 111 111 111 111 112 113 114 116 117 118 117 114 110 108 110 117 125 132 134 127 114 99 82 68
14 12 6 -3 -6 -7 -5 -3 -14 -22 -25 -25 -26 -25 -22 -19 -12 -5 0 4 7 10 13 16 17 19 21 21 15 9 3 0 2 6 11 15 13 11 10 11 18 28 38 47 48 48 50 54 60 69 80 92 104 116 127 135 133 128 122 116 110 105 101 97 99 101 102 102 106 110 114 116 118 118 119 119 116 115 116 120 131 143 152 154 143 125 105 83 67
-29 -21 -10 -2 5 9 12 12 4 -6 -12 -15 -17 -17 -16 -12 -7 -1 4 8 11 14 17 20 22 23 24 24 18 11 5 1 2 5 9 12 12 10 10 12 19 28 37 44 46 47 50 56 65 77 91 105 118 130 139 141 135 124 112 102 95 91 89 89 91 94 97 100 105 110 114 117 118 118 118 118 118 119 124 133 146 161 171 172 161 140 116 92 73
-24 -12 7 23 31 33 33 29 20 9 1 -4 -7 -8 -6 -3 1 5 9 12 14 16 19 21 23 25 26 24 19 12 6 2 2 4 7 9 10 10 11 14 19 27 34 39 42 44 47 54 66 82 99 115 129 140 146 145 134 117 100 86 79 78 79 82 86 90 94 99 105 110 115 118 118 117 116 116 118 122 130 143 161 179 192 193 180 157 130 104 81
1 16 39 59 63 60 54 46 35 23 13 6 3 3 5 8 10 12 14 16 17 18 19 21 23 25 26 24 19 13 7 3 2 3 5 7 8 10 12 15 20 26 31 35 38 40 43 51 66 85 104 122 136 147 152 148 132 109 86 69 64 66 71 77 82 87 93 98 104 110 115 118 117 114 112 113 117 125 136 151 173 195 212 215 199 172 143 115 90
27 44 68 92 89 80 71 62 49 36 25 17 13 13 15 18 18 19 19 20 20 19 19 20 22 24 25 24 20 14 8 3 3 4 5 6 8 10 13 16 21 26 30 33 36 38 41 48 67 88 109 127 141 150 154 149 129 102 76 55 54 59 66 73 79 85 90 96 101 107 112 116 114 111 109 110 118 129 142 158 183 208 227 233 212 182 151 123 97
39 56 76 92 93 87 79 70 58 46 35 27 23 22 23 24 24 23 23 22 21 20 20 20 22 24 24 23 20 16 11 7 6 6 6 8 9 12 15 19 23 28 32 36 39 42 46 56 73 94 114 130 142 148 149 140 121 97 73 57 53 57 64 71 76 81 86 91 96 101 105 108 108 107 107 111 121 134 151 170 194 216 230 230 211 182 151 123 98
43 56 69 80 84 84 80 74 64 53 43 35 30 28 28 28 28 26 25 23 22 21 20 20 21 23 23 23 21 18 15 12 10 9 9 10 12 14 18 22 28 33 38 42 45 49 55 66 82 101 119 133 141 144 140 130 113 93 74 61 56 58 63 69 73 77 80 84 88 92 95 98 99 101 104 111 123 140 160 180 201 218 226 222 203 174 144 117 96
42 50 57 63 71 76 78 75 68 58 48 41 36 33 32 32 30 28 26 24 22 21 20 20 21 22 23 22 21 19 18 16 14 12 12 13 14 17 21 27 33 40 46 51 55 60 66 76 91 108 123 135 139 137 131 119 104 87 73 63 59 59 63 67 70 71 73 75 78 81 85 87 91 94 100 109 124 143 164 186 203 215 219 212 191 162 132 106 89
41 44 45 46 58 68 75 76 70 61 52 44 38 35 34 33 31 28 26 24 22 21 20 19 20 21 21 21 20 19 19 18 15 13 13 15 17 20 25 32 40 49 57 63 68 72 78 86 99 114 127 135 135 129 120 107 93 79 69 62 58 58 60 64 64 64 64 65 67 70 73 77 82 88 95 105 121 141 163 184 198 208 209 200 177 148 118 93 80
40 40 40 43 53 65 73 76 72 63 53 45 39 35 33 32 30 27 25 23 22 20 20 19 19 20 20 19 18 17 16 15 13 12 13 15 18 23 29 38 49 60 71 79 84 88 92 98 109 120 129 132 128 119 106 92 78 67 59 54 52 52 53 55 55 54 53 53 56 59 64 69 75 83 91 102 116 133 152 170 184 193 194 184 161 132 103 80 69
39 38 37 41 51 63 73 77 73 64 53 43 37 34 31 30 28 26 24 22 21 20 19 19 19 18 18 17 15 13 11 10 10 10 12 15 19 25 33 44 57 72 86 96 101 103 105 109 116 124 129 129 121 106 90 74 62 53 47 43 42 43 44 45 45 43 42 42 45 49 55 61 69 78 87 97 109 121 135 149 163 174 177 167 145 115 86 65 56
38 36 35 39 49 63 75 80 76 65 52 41 35 32 30 28 26 24 23 21 20 19 19 18 18 17 16 15 13 11 8 6 7 10 12 16 21 28 37 49 66 84 102 114 118 117 116 117 121 126 129 125 112 94 73 55 44 37 33 31 32 33 34 35 35 34 32 32 36 42 48 55 64 73 83 91 99 106 114 123 138 151 157 151 128 97 67 47 42
37 34 33 35 47 61 75 83 77 65 52 40 35 32 30 28 26 23 21 20 19 18 18 18 16 15 14 14 13 11 9 6 10 13 16 19 25 33 42 54 74 95 114 130 130 127 123 121 123 125 125 120 103 81 58 38 29 24 22 21 22 24 26 27 28 28 26 26 31 38 44 51 60 70 79 86 90 92 93 96 112 126 135 133 109 78 49 29 30
34 32 31 35 45 58 70 76 73 65 55 45 40 36 33 30 27 23 20 18 17 16 16 16 15 14 13 14 15 16 17 17 20 22 24 27 33 41 51 64 82 101 119 131 134 131 126 123 121 120 116 107 90 69 48 30 21 16 14 14 16 18 20 22 25 27 29 31 35 40 46 52 60 69 76 80 82 81 80 82 91 100 105 101 83 59 38 24 26
29 29 30 34 42 53 62 68 69 65 59 53 47 43 39 34 29 24 20 17 15 15 15 14 14 13 13 15 18 24 29 33 34 35 35 38 43 50 60 72 88 105 119 129 132 129 124 119 115 111 104 94 78 59 40 25 17 13 11 12 13 15 17 21 26 31 37 41 44 47 51 55 62 69 75 77 77 74 70 69 72 76 76 70 57 42 28 22 25
26 26 28 31 38 47 55 61 65 65 64 60 55 50 45 39 32 25 19 15 14 15 15 14 14 13 13 15 22 31 41 49 49 48 47 49 53 60 68 79 93 106 118 125 127 124 119 113 107 101 92 81 66 49 34 22 15 12 12 13 15 16 18 22 30 40 48 55 57 57 58 60 65 71 75 77 74 68 62 58 56 54 50 43 35 27 21 20 26
23 24 26 29 35 42 49 55 61 66 68 68 63 57 50 43 34 25 18 15 15 17 18 17 16 14 13 15 24 36 50 61 61 58 57 58 62 68 76 85 96 106 114 119 120 117 111 104 98 90 80 69 55 41 29 20 15 14 16 18 20 21 23 27 38 50 61 69 70 68 66 65 69 74 77 78 72 64 56 48 43 38 31 23 19 17 16 18 28
24 24 25 28 32 37 43 51 59 67 72 73 69 61 52 42 32 24 18 16 17 21 24 24 21 17 15 16 24 36 49 59 63 63 63 66 70 77 84 91 99 105 110 112 111 108 103 96 88 79 69 58 46 35 25 19 17 19 22 25 28 31 34 40 50 62 73 80 80 78 75 73 74 77 78 77 71 62 52 43 35 28 21 15 12 12 14 20 30
25 25 26 27 30 34 39 46 57 68 76 79 74 64 52 40 30 22 18 17 21 27 32 33 29 22 16 15 21 32 44 54 59 63 66 70 76 83 91 97 101 103 104 103 102 99 94 87 78 68 58 47 38 29 23 20 21 25 30 35 39 42 47 54 63 74 83 89 89 86 82 79 79 80 80 77 70 61 51 41 32 25 18 13 11 12 16 22 32
24 24 25 27 28 30 33 40 53 67 80 85 79 67 52 38 28 21 18 18 25 34 42 45 38 27 17 13 17 27 38 47 55 61 66 72 80 88 96 101 102 101 97 94 91 88 84 78 69 58 48 38 32 26 23 22 27 33 40 47 51 54 59 66 74 84 92 98 96 91 86 83 81 81 80 78 71 61 51 41 33 25 19 15 14 15 19 25 34
19 20 22 25 26 27 29 34 49 65 80 89 82 69 53 38 30 23 20 20 29 41 51 56 46 31 17 10 14 24 33 42 51 58 65 72 80 90 98 104 102 97 91 84 80 77 74 68 59 48 39 31 28 27 27 28 36 44 52 59 62 64 68 74 81 89 97 102 98 91 85 82 79 79 79 78 71 63 53 44 36 29 24 20 19 20 23 28 36
6 11 17 22 24 26 28 34 47 61 74 82 79 70 59 47 37 30 26 26 34 45 54 57 48 33 20 13 15 24 34 43 50 56 62 69 78 88 96 101 99 93 85 77 71 67 61 55 47 38 31 27 28 32 37 42 50 58 64 68 70 71 73 77 82 88 93 95 92 85 79 75 73 73 74 74 70 64 57 50 43 37 31 28 26 26 28 32 37
