testcase/grobbendonk/input/mhw_correct.asc
NCOLS 693
NROWS 501
XLLCORNER 164937.5000000000
YLLCORNER 203637.5000000000
CELLSIZE 25.000000
NODATA_VALUE -2147483647
[rows 273 to 311 of 501, columns 89 to 177 of 693]
29 37 44 52 57 62 66 71 76 81 85 86 85 82 78 74 69 65 63 64 67 72 78 81 75 66 58 52 44 38 34 33 32 31 30 28 42 56 69 78 64 47 34 26 27 32 36 38 32 25 17 13 13 18 27 41 61 84 106 125 136 143 148 151 149 147 147 153 172 191 203 204 198 179 151 122 108 98 88 82 81 83 88 92 91 88 82 74 70
34 37 41 47 53 59 66 74 81 87 92 94 91 86 81 75 67 60 56 55 58 63 68 71 67 61 56 52 47 45 42 39 37 32 26 24 37 55 71 79 70 55 42 33 33 37 40 40 34 25 17 12 13 20 33 51 73 97 123 144 156 165 172 178 180 183 189 199 211 222 228 227 215 194 170 145 127 112 100 92 87 86 87 89 89 88 85 82 79
33 34 36 40 47 56 65 75 82 89 95 98 93 86 78 70 60 51 45 42 45 51 56 58 57 53 48 44 48 52 55 55 50 42 34 29 41 56 69 75 70 59 48 41 42 45 47 44 37 26 17 13 14 22 37 58 81 108 134 158 171 180 188 197 205 214 227 241 248 254 256 254 237 216 195 176 152 132 117 105 96 89 86 85 86 88 90 91 90
31 31 32 33 42 51 61 71 79 87 94 96 90 81 69 56 49 40 33 28 33 38 42 44 46 46 44 44 52 62 71 76 70 61 51 45 51 61 69 73 69 62 54 50 52 56 57 53 43 30 18 12 15 24 40 61 87 114 141 163 178 188 198 208 221 237 253 268 274 277 276 270 253 233 213 195 171 149 132 118 104 93 85 80 84 89 94 97 99
27 29 32 38 42 47 54 62 71 80 86 89 82 72 62 56 42 33 27 25 27 31 36 42 43 45 46 49 61 74 86 94 90 82 74 68 67 68 71 72 69 64 60 59 63 69 70 66 52 34 19 12 16 28 45 66 93 121 146 166 181 193 203 214 231 250 269 284 288 288 284 275 258 238 219 201 179 158 141 126 111 98 88 84 87 93 100 106 107
25 28 30 33 38 43 47 52 61 69 74 75 68 57 44 32 27 23 21 21 22 25 30 35 40 46 52 60 71 84 95 103 102 98 93 88 80 74 70 68 66 66 67 68 76 82 84 78 60 39 21 13 20 36 57 80 106 131 153 171 186 198 208 219 237 257 275 288 291 288 281 269 253 234 215 196 178 161 145 130 115 103 93 87 90 97 104 109 109
28 30 32 34 38 42 44 46 54 60 62 59 53 43 30 18 16 16 16 16 17 20 23 28 37 48 59 71 80 89 98 105 108 109 107 102 89 74 64 60 61 68 77 83 91 95 94 87 66 42 24 16 28 49 75 102 125 145 163 179 193 205 216 226 243 261 276 286 286 281 271 258 242 225 207 189 175 161 148 134 121 109 100 96 97 102 106 109 108
33 34 37 40 43 46 48 49 53 55 55 54 44 35 26 19 16 16 16 17 16 17 19 23 35 48 63 76 84 90 96 102 108 113 114 108 90 69 50 39 49 67 87 106 105 101 96 86 66 45 29 25 42 68 98 126 147 163 177 191 204 217 228 238 251 262 272 277 275 268 257 244 231 217 201 186 174 162 151 139 128 117 110 106 106 108 110 110 108
38 39 41 45 49 52 56 60 56 51 45 40 32 26 22 19 17 17 17 18 17 16 18 23 34 48 63 76 83 87 91 96 104 111 114 108 88 63 40 27 40 63 86 102 103 97 87 78 62 48 40 41 63 93 124 151 169 183 194 204 217 230 242 252 258 262 265 265 262 256 246 233 224 212 199 186 175 164 154 144 134 125 118 114 114 115 115 114 109
43 42 44 47 51 56 61 62 56 45 32 20 19 18 19 19 19 19 19 19 17 16 17 22 32 46 60 71 77 80 83 88 97 106 110 104 84 59 37 27 37 58 81 96 94 83 70 60 54 54 60 72 95 123 151 175 192 203 211 220 232 244 255 263 263 260 256 252 249 246 240 231 223 213 202 190 179 168 158 149 140 132 126 123 122 123 122 120 112
48 45 44 46 51 57 62 63 55 43 28 16 14 15 17 19 19 20 20 19 17 16 16 20 29 42 54 64 69 72 75 80 90 100 104 99 80 56 35 25 34 53 73 85 81 67 51 41 49 65 85 107 131 156 180 200 214 223 230 237 246 256 265 270 265 257 248 241 240 240 238 234 226 216 206 195 183 171 161 152 145 139 135 132 132 131 130 126 118
52 47 43 43 49 57 64 65 57 44 31 21 16 15 17 19 19 20 20 19 17 16 16 19 28 38 48 57 62 65 68 73 84 95 100 95 78 55 35 25 31 46 62 71 68 56 42 36 55 84 114 144 168 189 208 224 234 242 247 252 258 264 268 269 263 252 242 234 235 237 238 237 229 220 209 198 186 174 164 155 149 146 144 142 141 140 138 135 126
56 49 44 42 47 55 62 64 56 44 31 22 17 16 17 19 19 19 19 19 17 16 17 20 28 37 45 51 57 60 64 69 82 93 99 95 78 55 35 24 27 40 56 67 64 55 46 46 74 110 147 180 202 219 233 244 251 256 261 265 266 267 267 265 257 248 239 232 233 236 239 238 232 222 212 200 189 177 167 159 155 153 153 153 152 150 146 142 135
61 53 46 43 47 53 59 60 52 42 30 21 17 16 17 18 18 18 18 18 18 19 20 24 31 39 46 51 57 61 66 72 84 95 100 96 79 56 35 22 22 31 45 60 59 59 65 80 107 142 179 211 230 242 251 257 262 266 269 270 269 266 262 257 251 244 238 234 234 236 238 238 232 223 213 202 191 180 170 164 161 161 162 163 162 159 155 150 145
66 57 50 46 48 52 55 54 48 39 29 21 17 16 16 17 16 16 16 18 20 23 27 32 39 47 52 57 62 67 72 79 89 98 103 98 80 57 35 20 15 18 25 36 47 61 82 113 138 171 206 236 251 259 263 265 268 270 271 271 267 263 256 250 246 243 239 237 237 237 237 236 230 223 214 204 193 182 173 167 166 168 171 173 172 169 165 160 157
70 62 55 51 50 51 52 49 44 37 29 22 18 17 16 16 15 15 15 18 22 29 36 44 52 59 64 68 71 75 80 86 95 102 105 99 81 58 36 19 9 6 8 15 36 61 86 111 152 191 225 251 263 268 269 270 271 271 271 268 265 260 253 246 245 243 242 241 239 237 234 231 226 221 214 206 196 186 177 171 172 176 181 184 183 179 175 171 170
72 65 59 55 53 52 50 47 43 37 31 25 21 19 17 15 14 13 14 18 26 36 47 56 65 72 78 81 82 84 86 92 99 105 106 100 82 58 36 18 6 1 3 12 40 74 108 142 178 211 238 258 268 271 272 271 271 271 269 266 263 259 253 248 247 246 246 245 241 236 230 225 222 219 215 209 200 191 182 177 179 184 190 193 192 189 186 183 183
72 65 60 57 54 51 50 47 43 38 34 30 25 21 18 15 13 13 14 19 29 43 58 71 80 86 90 93 92 91 91 94 100 106 108 101 82 59 36 18 8 6 11 28 59 98 139 177 206 229 247 259 266 269 269 269 269 269 268 266 264 261 257 254 252 251 249 247 241 234 227 221 218 216 214 210 203 196 190 186 188 192 197 200 199 197 195 194 195
68 62 58 55 52 49 48 47 43 39 35 32 28 23 19 16 14 13 15 20 33 49 66 81 90 96 100 102 99 96 94 94 101 107 109 102 84 60 37 20 15 18 27 47 84 128 173 211 232 244 252 257 261 262 263 264 264 265 265 266 264 263 262 261 257 254 250 247 239 232 224 218 215 214 212 210 205 200 197 196 197 199 202 204 205 204 203 203 204
61 55 51 48 46 45 44 43 40 37 35 33 30 26 22 18 16 16 17 24 37 54 72 88 97 102 105 105 102 98 95 95 100 107 109 104 87 65 43 25 31 42 55 71 116 161 203 236 249 253 253 252 253 254 255 255 257 259 260 262 263 264 264 263 259 254 249 243 236 228 221 215 212 209 208 206 204 201 201 202 203 204 206 208 209 209 209 209 211
51 47 43 40 39 39 38 37 35 33 32 32 31 29 27 24 22 20 21 27 39 56 74 90 99 104 106 106 103 99 96 95 100 106 109 105 90 73 61 60 64 80 106 140 165 195 225 249 255 253 249 246 244 244 245 246 249 252 255 257 261 263 264 262 259 254 247 239 232 225 218 212 207 203 201 199 198 198 200 203 204 206 209 211 212 213 213 215 218
41 40 38 36 36 35 34 31 30 29 29 29 31 33 34 34 31 26 24 27 38 54 71 87 96 101 103 103 102 99 97 97 100 104 105 102 89 75 68 71 85 109 141 172 196 216 233 246 248 245 240 235 234 235 236 239 244 249 253 256 261 265 266 263 260 255 247 237 229 221 214 207 200 195 191 188 188 189 192 197 200 204 208 212 214 216 218 220 223
37 39 39 38 38 37 34 30 28 26 25 26 30 35 41 44 38 32 27 28 37 51 66 80 89 96 99 101 101 99 98 96 98 99 98 94 83 72 67 74 96 128 166 200 217 226 231 233 234 231 227 224 225 228 232 236 242 249 255 260 267 271 272 270 266 259 249 238 228 218 209 200 192 185 180 177 177 179 182 186 192 199 205 211 215 218 221 225 229
40 44 47 48 48 46 41 35 31 26 23 23 27 34 41 46 41 35 30 29 36 47 59 71 81 88 94 96 98 99 98 97 95 92 87 80 72 64 62 68 99 138 178 211 224 226 223 219 219 218 216 215 218 223 229 236 244 252 260 268 275 280 282 281 274 264 252 238 225 213 202 192 183 175 170 166 167 169 172 176 184 193 202 209 215 220 224 229 235
46 53 59 63 62 59 53 46 38 30 24 21 25 32 39 43 41 36 31 30 34 42 52 62 71 80 88 93 95 96 97 96 91 84 76 68 63 60 62 75 104 141 179 209 220 220 214 208 208 209 209 210 214 220 227 236 244 253 263 274 281 286 290 289 279 266 251 236 220 205 192 181 172 165 160 158 159 162 165 170 179 189 198 206 213 220 226 233 240
55 63 71 76 76 74 68 60 49 37 26 21 23 29 35 40 40 37 33 31 34 39 45 52 60 69 79 86 88 89 90 90 85 77 68 61 58 59 66 80 106 139 171 196 207 209 205 201 201 202 203 206 210 215 222 230 239 249 260 270 278 285 289 288 277 262 245 227 209 193 179 168 159 154 151 151 153 158 163 169 178 187 196 205 212 220 227 235 243
64 72 80 87 89 88 83 75 61 45 31 21 22 27 33 37 39 38 37 36 36 37 38 41 48 56 64 73 75 77 79 80 76 71 64 58 58 62 71 86 108 133 158 178 190 195 195 194 194 195 197 201 204 209 214 222 231 241 251 260 269 276 279 277 266 250 232 214 194 176 162 151 145 142 142 145 150 156 163 171 179 187 195 204 212 220 228 237 246
70 79 87 94 97 98 96 88 73 55 37 25 23 26 31 36 39 40 41 41 39 36 33 32 36 41 46 51 56 60 64 67 68 67 64 61 63 67 75 88 105 126 145 161 173 180 183 184 184 185 187 191 195 200 206 213 222 231 239 246 255 260 262 258 246 230 212 193 173 155 141 132 128 130 134 140 147 155 164 173 180 187 194 202 211 220 229 238 248
75 82 90 97 102 105 104 99 83 64 46 32 28 28 31 34 38 42 46 47 43 37 32 27 28 30 31 32 38 45 50 54 60 65 69 70 72 73 78 89 101 117 133 147 158 165 169 171 171 172 174 178 182 188 196 204 212 220 226 232 238 241 241 235 222 205 186 168 148 131 118 111 112 117 126 135 144 154 164 173 180 187 194 201 211 221 231 240 250
76 82 89 95 102 106 107 102 89 71 55 42 34 31 31 33 37 42 47 50 46 40 34 29 28 27 25 24 29 35 40 47 56 66 77 85 81 77 76 80 92 107 122 135 144 150 153 155 154 154 156 159 164 172 181 192 199 205 211 216 219 219 216 207 193 175 156 138 120 106 96 92 97 107 119 131 142 152 162 172 181 188 196 203 213 224 233 242 252
73 78 84 91 98 103 105 101 89 74 60 48 39 34 31 31 35 40 44 47 45 42 38 35 32 29 27 25 26 30 34 40 51 63 76 85 83 77 73 73 84 98 112 122 130 134 136 136 135 134 134 136 143 152 162 172 180 187 192 196 197 194 188 176 162 143 123 103 91 82 76 76 85 98 112 127 139 150 161 171 181 191 200 209 218 227 236 244 252
66 71 78 85 91 96 97 94 84 71 58 48 40 35 32 31 34 37 40 41 42 42 41 41 38 35 32 30 28 28 30 35 44 57 70 79 78 75 71 72 80 91 103 112 117 119 120 119 116 114 113 114 121 130 140 150 159 166 171 174 173 168 161 149 133 115 96 80 70 65 63 67 78 93 109 124 137 149 160 171 183 195 206 216 224 231 238 244 251
57 61 68 76 81 85 87 85 76 65 53 44 37 34 33 33 33 33 34 35 37 39 41 43 43 41 39 36 32 28 26 27 35 47 59 67 70 69 69 71 77 86 95 102 105 105 104 103 99 95 94 95 101 110 120 130 137 143 149 152 148 142 134 124 108 90 74 62 55 53 56 63 76 92 109 125 139 151 162 173 186 199 211 221 228 233 238 243 247
44 48 55 63 67 70 73 73 65 55 45 36 32 30 30 30 29 28 27 28 30 33 38 43 43 43 44 43 37 29 24 22 28 37 47 56 60 62 65 69 74 80 87 92 92 90 88 86 83 80 78 78 84 93 101 108 114 119 124 127 121 114 105 96 82 68 56 47 44 45 52 63 78 94 111 127 143 156 168 178 192 206 217 225 230 234 236 239 240
30 33 36 39 47 52 55 54 51 44 37 29 27 26 26 26 24 21 20 20 21 24 28 32 36 40 44 45 37 29 22 18 21 26 32 38 47 54 60 65 70 74 77 79 79 76 73 69 71 72 71 69 77 85 89 90 95 98 97 93 91 86 78 66 59 51 43 37 37 42 51 65 82 100 119 137 153 167 179 191 203 214 222 228 231 231 230 228 228
23 23 25 28 33 38 41 41 40 37 33 28 26 24 22 20 17 15 12 10 12 14 18 22 27 32 36 38 32 25 19 16 16 18 23 29 39 49 57 63 66 68 69 69 69 68 67 67 72 77 80 83 87 91 92 90 89 87 81 76 73 69 63 55 48 42 37 34 35 41 52 68 86 107 128 147 164 180 193 205 215 223 228 230 230 228 224 219 215
19 18 19 21 24 28 31 33 34 34 33 30 27 24 20 16 13 10 6 3 4 6 8 11 16 22 26 28 24 19 15 13 11 13 18 25 36 48 58 64 66 65 63 62 63 66 69 74 83 93 101 106 108 108 105 101 94 85 77 69 65 62 58 53 47 40 36 35 37 43 55 71 92 115 137 159 177 193 207 218 226 231 233 232 228 222 215 208 200
20 16 16 17 19 22 25 28 32 34 35 34 31 27 22 17 14 11 7 4 3 2 2 3 7 11 14 15 14 10 7 6 6 8 14 23 36 50 61 68 68 64 60 58 61 68 77 88 101 114 124 131 132 128 123 115 104 92 81 72 67 64 62 57 51 44 38 37 39 46 59 77 99 123 147 169 189 205 219 230 236 238 237 232 224 214 203 192 181
22 17 15 15 17 20 23 27 32 36 39 40 36 31 25 20 17 14 12 10 6 1 -2 -2 1 4 6 6 5 4 1 -1 1 4 11 22 38 54 68 75 73 66 58 55 61 72 88 105 120 134 147 155 155 150 142 131 118 104 90 81 75 73 71 67 60 51 44 41 44 52 65 84 107 132 157 179 199 216 230 239 242 242 238 230 217 201 186 172 159
