testcase/grobbendonk/input/msw_correct.asc
NCOLS 693
NROWS 501
XLLCORNER 164937.5000000000
YLLCORNER 203637.5000000000
CELLSIZE 25.000000
NODATA_VALUE -2147483648
[rows 351 to 389 of 501, columns 522 to 608 of 693]
82 96 113 130 147 164 180 190 197 200 198 189 174 156 137 119 103 91 86 95 110 129 148 172 194 213 229 243 255 264 268 269 265 259 252 247 243 239 236 234 232 230 228 223 216 210 204 197 191 187 182 169 156 150 152 158 169 182 187 168 141 113 89 67 50 35 24 15 9 6 9 21 33 40 45 61 75 83 89 106 124 141 154 165 176 187 197
74 91 110 125 143 162 180 185 186 185 179 164 145 124 102 85 70 58 51 65 84 104 123 150 175 196 213 229 243 252 257 259 257 252 246 244 243 242 240 239 238 236 234 231 228 226 225 222 221 224 229 213 201 199 206 214 230 251 267 236 197 163 133 106 82 62 45 28 13 -2 -14 -9 -6 -11 -20 0 16 23 26 51 75 95 111 125 139 153 168
66 80 97 113 130 148 163 169 169 165 155 139 119 97 77 61 48 40 39 52 71 92 114 139 162 182 200 216 230 240 247 250 250 248 244 244 244 243 242 241 239 237 235 233 232 232 231 231 232 235 237 229 222 223 231 242 259 278 286 265 233 201 171 143 119 96 76 55 35 16 2 -3 -6 -13 -18 -10 -1 4 8 24 42 58 71 83 94 104 114
57 66 78 94 111 127 140 147 147 143 132 116 97 77 59 46 37 33 37 50 69 90 112 134 155 173 189 205 218 229 237 242 245 245 244 244 244 244 243 241 238 235 232 230 229 228 227 226 227 227 227 224 221 223 232 245 262 276 282 270 249 225 202 178 155 135 115 93 71 52 38 29 24 19 16 15 15 14 14 20 27 33 39 44 49 52 55
48 51 58 73 89 104 115 123 124 120 110 96 79 61 46 38 34 35 41 56 75 96 117 135 152 166 180 195 209 220 229 237 242 245 245 245 245 244 242 238 234 230 226 224 221 219 215 213 210 207 205 203 204 207 215 229 245 258 264 261 251 238 225 206 189 174 158 136 115 98 86 75 70 68 68 59 49 41 36 31 27 22 18 18 15 9 3
41 39 40 54 69 82 92 100 103 100 92 80 66 52 41 38 40 44 52 69 88 107 125 140 152 163 174 190 204 216 225 236 243 247 248 248 246 244 240 235 229 224 218 215 212 207 200 195 188 181 176 176 177 181 188 203 219 231 238 242 241 240 236 224 213 204 196 175 155 141 132 121 115 117 121 104 87 75 66 53 41 28 16 13 6 -7 -23
37 34 35 44 55 66 75 82 85 84 78 69 59 50 45 47 53 63 74 89 105 120 134 146 155 165 176 190 205 219 231 242 250 254 255 253 249 244 238 231 225 218 212 208 203 197 188 177 166 155 148 146 149 155 163 176 189 200 209 216 222 226 228 226 222 219 213 199 184 172 162 153 147 146 144 131 117 105 94 81 67 54 43 37 31 21 12
37 34 35 39 47 54 61 67 70 71 68 62 56 53 53 60 71 85 99 112 123 134 144 153 160 168 179 194 210 226 240 251 259 264 264 259 252 244 235 227 220 213 207 202 196 188 177 162 145 129 119 118 122 129 138 148 159 168 176 186 195 203 210 216 220 222 221 213 203 193 183 174 168 163 158 149 140 132 124 113 103 94 88 84 82 79 77
40 37 36 38 41 46 50 55 59 61 60 58 55 56 60 71 87 105 122 132 138 146 153 158 163 170 182 198 216 235 251 262 269 273 273 265 255 243 232 223 215 207 201 195 189 181 169 149 127 106 92 92 98 106 114 124 132 138 144 156 168 178 188 201 212 221 225 224 218 210 200 191 183 175 167 162 159 156 153 146 140 138 139 140 143 150 155
44 40 39 37 38 39 42 45 49 52 54 53 53 57 65 79 97 118 138 143 145 149 155 158 162 170 182 201 222 242 260 270 277 280 279 268 255 242 229 219 210 202 194 188 181 174 162 139 114 90 72 74 81 90 97 106 112 116 118 132 146 157 168 187 205 220 229 234 233 228 218 209 198 187 177 174 174 176 179 176 174 178 186 191 200 215 229
49 44 41 37 35 35 36 38 41 43 46 47 50 55 65 80 98 116 132 137 139 141 145 149 156 167 182 202 225 246 263 273 278 279 275 265 253 240 228 216 206 197 188 180 171 162 148 128 106 86 72 71 76 84 91 98 104 108 113 124 136 148 162 182 203 222 237 247 252 251 244 233 219 204 192 187 187 189 193 194 197 205 216 226 239 254 265
56 49 43 38 34 31 31 31 33 35 37 40 44 50 60 74 90 106 117 122 124 125 128 135 146 160 178 201 225 247 264 273 275 273 267 259 249 237 225 213 202 190 180 170 159 149 136 119 102 88 78 76 79 85 92 98 105 111 117 126 136 147 161 182 205 227 247 262 272 277 273 260 242 224 209 201 199 199 201 206 212 222 234 247 262 276 285
64 55 46 39 33 28 26 25 26 27 29 33 37 43 52 65 78 91 100 104 106 106 108 119 134 151 172 197 223 246 263 271 271 266 258 251 244 234 223 210 197 183 170 158 146 135 123 111 99 91 86 84 86 90 97 103 110 117 126 133 141 150 163 184 208 233 256 275 290 301 303 288 267 245 227 217 212 210 209 215 222 232 244 259 274 287 295
71 59 49 40 32 26 22 20 20 21 22 26 30 35 43 54 66 76 84 88 90 89 91 106 124 143 165 192 220 244 262 267 266 259 250 245 240 232 221 206 190 174 159 143 130 119 110 101 95 92 93 90 90 94 101 106 114 124 136 143 150 158 168 189 212 237 261 281 300 317 327 311 289 267 247 238 231 225 221 225 232 241 251 265 280 292 300
76 63 52 41 31 24 19 16 16 17 18 21 25 30 37 46 57 66 72 77 81 83 89 103 121 141 163 189 216 239 255 262 261 256 249 244 238 230 218 201 182 162 143 126 111 100 92 88 87 88 90 90 90 93 98 105 115 127 140 151 161 172 183 199 216 235 255 275 296 314 325 319 306 291 276 266 257 249 243 243 245 250 258 270 283 294 301
80 67 54 43 33 24 17 15 14 15 17 19 22 26 33 41 50 58 66 72 78 84 92 106 122 141 162 187 211 233 248 255 256 253 248 243 238 230 216 197 173 149 126 107 91 80 73 73 77 82 85 86 87 88 93 100 112 126 142 158 174 188 201 212 220 230 243 262 283 302 314 319 318 313 306 296 285 276 268 261 257 257 263 272 283 293 299
83 70 58 47 37 27 20 17 17 17 18 19 21 24 30 38 47 55 63 72 80 89 99 112 126 143 161 184 207 226 240 247 249 248 245 241 236 228 215 191 163 134 108 87 71 60 55 59 68 76 82 84 84 83 85 94 107 123 142 163 185 205 220 225 225 225 230 248 269 287 302 315 325 331 331 321 309 298 288 274 263 258 262 269 280 290 297
85 74 64 56 47 37 28 26 25 24 23 22 22 24 30 37 46 56 65 76 87 97 107 119 132 146 161 181 202 219 231 238 240 240 238 235 230 223 211 183 152 120 92 71 55 45 41 51 64 75 82 85 83 81 80 89 103 120 141 166 193 218 238 238 233 226 222 240 260 277 291 310 327 340 347 334 319 307 296 273 256 249 252 260 272 285 295
84 79 74 69 64 57 50 45 40 35 30 26 25 26 31 39 50 62 73 85 96 107 117 128 139 150 164 180 196 210 221 226 228 228 226 223 219 211 196 170 139 107 80 60 47 40 41 52 67 81 89 92 89 86 85 90 101 117 138 166 195 223 242 248 245 240 239 250 264 278 292 309 324 335 338 327 310 293 275 252 234 225 228 241 261 281 297
81 83 84 84 83 81 77 69 59 49 41 35 31 31 34 44 57 71 84 95 105 116 126 135 144 154 165 178 190 200 208 212 213 211 209 207 203 195 180 155 126 96 71 54 45 42 48 61 78 93 103 104 101 96 93 96 103 115 135 164 195 225 246 256 260 260 262 268 276 285 295 307 317 323 321 308 289 267 243 221 202 192 196 217 247 277 300
76 84 92 96 99 103 103 92 78 65 54 48 43 41 42 53 68 83 95 103 111 121 131 136 143 151 162 172 180 188 193 195 194 192 189 187 184 178 164 142 114 87 65 52 47 49 57 73 92 109 120 121 115 109 105 105 109 117 133 163 197 227 251 266 275 281 285 286 288 292 298 303 308 308 301 287 265 239 212 190 173 161 163 193 233 272 302
70 82 94 99 105 113 120 108 93 80 70 67 64 61 58 70 84 96 106 108 111 117 127 128 132 141 152 159 167 173 176 176 174 170 166 165 163 159 150 129 105 81 62 55 54 59 70 87 106 125 138 136 130 124 120 120 123 128 138 170 203 233 257 274 286 296 303 300 296 295 296 297 297 294 284 269 247 219 190 173 157 144 140 178 224 266 299
63 72 81 87 94 102 108 105 99 95 92 93 95 95 96 101 106 108 108 105 101 100 102 104 110 119 130 140 148 155 158 157 153 147 143 142 141 139 131 117 99 81 68 64 67 75 87 102 118 133 144 145 142 140 140 142 147 155 168 191 217 241 262 278 291 300 305 302 296 291 288 287 286 282 274 260 241 218 195 180 168 160 163 190 224 255 277
58 59 63 67 73 79 86 91 97 104 113 121 129 136 140 138 131 122 112 101 89 78 72 75 83 93 104 117 128 137 141 139 133 125 120 119 120 120 115 106 95 84 78 77 83 93 105 117 128 138 146 149 152 155 160 167 177 190 204 220 237 252 266 279 291 299 302 298 290 281 276 274 274 273 268 257 242 226 212 201 194 193 199 212 228 242 250
54 48 44 46 49 53 59 73 90 109 127 143 158 173 182 174 157 139 119 103 84 64 49 52 62 71 82 96 111 122 127 123 115 106 99 99 102 104 104 100 95 90 88 92 100 111 123 130 136 142 147 152 159 168 179 192 207 225 241 250 256 262 268 279 289 296 298 292 282 270 261 260 263 265 263 255 246 237 231 225 224 228 234 234 232 228 222
55 42 30 30 31 31 34 54 79 105 132 151 171 194 212 198 178 157 134 119 98 72 45 52 59 65 70 85 100 112 118 114 104 93 84 86 91 96 98 99 99 99 100 106 115 126 138 140 142 144 146 154 164 177 193 210 230 253 272 274 272 269 269 277 286 292 294 287 275 260 248 248 252 255 257 250 244 241 243 240 243 251 260 246 229 211 193
63 48 35 29 26 25 28 44 65 90 114 137 159 181 197 196 189 178 166 155 139 119 100 92 87 82 81 89 101 110 115 111 103 93 86 86 90 95 100 104 108 112 116 121 128 135 141 144 144 146 149 156 166 180 198 219 242 265 281 284 280 275 272 276 283 288 288 283 272 259 248 243 241 240 238 234 230 230 234 237 243 251 252 237 215 191 168
76 61 48 37 30 26 28 36 50 67 86 107 129 148 165 178 188 196 201 200 195 187 175 157 135 117 107 108 115 120 122 119 112 103 97 95 97 102 108 114 121 128 133 136 138 140 142 144 145 147 150 156 165 178 196 219 245 268 283 286 282 276 272 274 279 283 284 280 272 261 250 240 230 222 215 211 208 209 212 220 229 235 233 218 194 168 143
91 76 63 49 37 30 28 29 35 42 54 71 90 106 124 150 179 207 230 241 248 256 256 228 193 162 142 139 142 144 142 138 131 123 115 110 110 113 119 126 135 144 150 150 148 145 143 144 146 148 152 157 164 174 189 214 242 266 282 285 280 273 268 269 274 278 280 277 271 263 252 237 220 205 192 187 185 183 186 196 208 215 211 195 171 144 120
102 88 76 58 43 33 28 23 21 21 24 39 55 68 82 119 159 202 242 258 276 299 317 282 242 208 183 182 184 183 176 171 161 149 138 129 124 125 130 137 146 157 166 163 157 150 144 146 148 152 155 160 165 172 184 211 239 263 279 280 274 267 261 262 267 272 275 272 267 261 252 233 211 191 173 169 167 164 162 176 189 195 191 174 150 124 100
105 89 75 58 44 33 25 19 14 11 13 22 34 46 63 94 132 172 209 236 261 286 303 291 270 252 240 238 239 236 228 216 199 181 163 149 139 135 137 143 154 165 172 170 164 157 153 153 155 159 163 167 173 180 193 214 238 258 270 272 267 261 256 255 258 261 263 261 257 251 241 224 204 185 171 165 162 161 161 169 177 178 172 156 134 112 93
101 84 68 54 41 31 23 17 12 10 11 17 25 35 49 72 100 129 158 187 215 241 260 272 279 286 292 295 296 295 286 267 242 215 191 171 155 145 143 149 160 170 177 176 171 165 162 161 164 168 173 178 184 192 204 221 238 253 262 263 260 254 249 248 249 250 250 248 244 238 228 215 200 186 175 170 168 168 169 171 171 168 158 143 124 105 90
94 76 60 47 37 29 23 18 15 14 16 20 26 32 41 55 70 85 102 131 159 183 206 239 273 305 330 338 341 344 339 314 281 248 220 197 177 161 152 157 168 177 183 181 176 171 169 170 173 178 185 190 196 205 216 228 240 249 255 256 253 248 243 242 241 239 237 236 232 226 218 208 198 189 182 178 178 179 179 176 170 162 150 135 119 103 91
85 67 51 41 34 29 25 22 21 23 26 30 34 38 42 48 53 55 58 87 114 135 155 204 256 304 346 354 358 366 371 341 308 276 248 228 208 188 170 175 182 188 190 185 179 175 175 176 180 187 195 200 207 215 225 233 241 247 250 251 248 244 239 238 236 233 229 227 224 218 211 205 199 194 190 188 187 188 189 180 170 158 146 133 119 107 96
74 59 47 39 34 30 29 28 30 33 38 44 49 53 56 58 57 55 58 76 97 117 142 184 231 275 309 324 332 340 343 330 313 296 280 266 251 234 219 212 206 199 192 184 178 175 175 178 184 192 200 207 214 221 229 236 242 246 248 248 246 243 240 239 237 234 230 227 222 216 210 206 202 199 197 194 192 190 186 178 167 156 144 134 123 115 109
63 53 44 39 36 34 35 37 41 46 53 61 69 76 80 79 75 73 75 85 100 118 140 170 202 230 252 268 277 284 290 295 300 305 307 303 296 288 276 256 234 213 195 183 176 173 173 178 186 195 204 211 218 225 232 237 242 245 247 247 246 245 244 243 241 239 236 231 225 218 212 209 206 205 202 198 193 187 180 171 162 153 144 136 130 125 123
53 47 43 40 39 40 42 47 53 60 69 80 91 101 108 105 99 97 99 104 113 126 142 158 173 183 190 202 211 217 224 247 275 301 322 329 332 333 327 297 260 225 197 184 177 173 173 180 189 199 208 216 223 229 234 239 242 245 246 247 247 247 248 248 247 246 243 237 229 221 215 211 209 209 206 200 191 181 172 164 156 148 142 138 135 135 136
44 42 42 41 42 46 51 58 66 75 85 97 109 122 132 126 119 117 121 122 127 136 146 151 151 146 137 147 155 156 160 198 241 283 320 332 342 353 358 320 275 234 201 190 184 180 178 187 196 205 213 221 228 233 237 241 244 245 246 246 247 248 250 250 251 251 250 242 232 223 216 212 210 209 207 199 188 176 164 156 149 143 139 137 138 141 145
37 38 39 42 46 52 60 69 80 90 101 110 120 128 133 130 126 125 128 131 137 145 150 150 143 133 123 123 124 126 135 165 204 244 277 297 312 323 325 302 271 242 218 207 201 198 198 202 208 214 221 228 234 240 243 246 246 246 245 244 245 246 247 249 250 251 248 241 232 223 215 210 206 204 200 192 182 171 160 151 142 136 132 132 134 139 143
