testcase/grobbendonk/input/msw_correct.asc
NCOLS 693
NROWS 501
XLLCORNER 164937.5000000000
YLLCORNER 203637.5000000000
CELLSIZE 25.000000
NODATA_VALUE -2147483648
[rows 78 to 116 of 501, columns 261 to 347 of 693]
124 136 146 152 153 150 147 144 143 142 142 142 140 138 137 138 142 147 153 159 165 170 172 170 163 153 145 141 144 151 156 158 154 143 128 111 97 88 84 83 83 84 87 91 98 108 121 135 142 136 119 96 77 67 64 66 69 72 73 74 77 83 92 105 118 127 129 122 109 95 83 76 74 74 77 79 80 82 84 88 92 95 95 95 95 95 97
128 139 148 153 154 152 148 146 144 143 143 142 140 137 134 134 139 145 152 158 166 172 175 173 164 151 140 134 136 143 148 150 147 138 126 112 99 92 89 88 88 90 93 97 104 114 125 134 133 119 101 84 73 68 67 69 71 72 72 73 76 82 91 101 111 117 118 112 102 91 83 78 76 77 80 83 85 86 88 91 94 95 94 93 92 93 96
131 141 149 153 153 150 147 145 143 143 143 142 139 136 133 132 138 145 152 158 166 172 176 175 163 149 135 126 130 136 142 144 142 136 125 114 102 97 94 94 95 98 101 105 109 117 126 131 126 104 87 75 71 70 71 72 73 73 73 73 76 83 90 98 104 109 110 104 96 88 83 80 79 80 83 86 88 89 90 93 95 94 92 90 89 91 94
132 141 147 150 149 146 143 141 140 140 141 141 139 137 135 136 141 147 154 160 166 171 172 169 159 147 135 127 129 134 139 142 141 137 129 120 111 105 101 101 102 106 110 113 115 117 119 118 112 97 84 77 75 75 75 74 74 74 74 75 79 85 91 97 102 105 105 101 95 90 86 85 84 84 86 87 88 89 90 91 92 91 89 88 87 89 92
131 139 144 146 144 140 137 134 134 135 137 139 139 138 138 141 145 151 158 163 167 168 167 163 154 144 135 130 130 134 139 142 143 141 136 129 121 113 108 107 109 114 119 121 120 115 109 104 98 91 85 83 82 81 79 77 75 75 76 78 82 88 94 99 103 104 103 101 97 94 92 90 89 88 87 87 86 87 87 88 88 87 86 85 86 87 89
130 137 140 141 138 133 128 126 127 130 133 136 138 139 141 144 149 155 161 165 166 165 161 156 149 141 135 131 132 135 139 143 144 144 142 137 130 121 113 111 115 122 127 129 123 112 98 88 87 85 87 89 90 88 84 80 77 76 78 81 86 92 98 102 105 105 104 102 100 98 97 95 93 90 88 85 83 83 84 85 85 84 83 83 84 85 87
129 135 137 136 131 126 120 116 119 123 129 133 136 139 142 146 151 157 162 165 163 159 154 148 142 136 132 131 131 133 137 141 143 144 145 141 136 125 116 114 119 128 134 134 125 107 88 73 78 79 87 94 96 94 88 82 78 78 79 83 88 95 101 105 107 107 106 104 103 102 101 98 94 90 86 82 79 80 82 83 82 81 80 81 83 85 86
130 133 134 131 125 119 114 111 113 117 123 128 133 137 141 146 151 156 160 161 157 151 144 138 133 130 128 128 128 129 132 135 137 139 139 137 132 124 118 119 125 132 136 132 118 99 81 71 72 75 83 91 94 93 89 84 81 80 81 84 89 95 100 105 108 109 109 108 107 105 101 96 89 84 80 77 76 77 80 82 82 81 80 81 83 85 87
131 133 131 126 120 114 108 106 107 111 117 122 128 133 138 143 148 153 156 155 150 142 133 127 123 123 123 123 123 123 124 125 127 129 130 128 124 120 117 121 129 136 137 128 110 90 75 68 68 72 79 85 89 90 88 85 82 81 81 83 87 92 98 103 107 110 111 112 111 107 100 91 82 75 71 70 72 75 79 81 82 81 80 80 82 86 90
135 134 129 123 116 109 103 100 102 106 111 117 123 128 133 138 143 148 150 148 141 132 122 114 113 115 118 119 118 117 114 114 115 118 119 119 116 113 113 120 131 140 139 124 100 79 66 65 64 68 73 79 83 85 86 84 82 79 79 80 84 88 93 99 104 109 112 114 113 107 97 84 73 65 62 63 67 72 78 81 82 81 79 79 81 86 92
138 135 129 121 113 106 100 96 98 102 107 112 118 124 128 132 137 141 142 141 132 122 111 103 105 109 113 116 114 111 107 104 106 109 111 111 110 108 109 119 131 142 140 120 90 67 56 63 59 63 68 73 76 79 81 81 79 76 74 75 78 82 86 93 100 106 111 113 113 106 94 78 64 56 54 57 63 69 76 79 80 78 75 74 77 84 92
140 136 128 120 112 105 100 97 98 100 104 109 115 120 125 128 131 132 132 128 122 113 106 101 103 107 111 112 111 107 104 101 102 104 106 107 107 108 112 121 131 137 130 109 82 62 53 55 56 59 63 67 70 73 75 74 72 69 67 67 69 73 79 86 94 101 106 109 108 100 88 73 60 53 52 55 60 66 71 73 72 70 68 68 72 79 87
141 136 128 120 112 106 101 99 98 100 103 108 113 118 122 125 125 124 121 116 111 106 103 102 103 107 110 111 110 107 103 101 101 103 105 106 107 110 115 124 132 131 119 97 73 55 49 50 52 55 59 63 65 67 68 67 64 60 57 57 59 64 70 78 86 93 99 103 101 94 81 68 57 52 51 55 60 64 66 65 62 59 58 59 65 72 80
142 135 127 119 112 106 102 100 100 101 103 106 111 116 120 122 120 116 111 105 102 101 101 102 105 108 111 112 111 108 105 102 102 104 106 108 109 112 117 127 133 127 110 85 61 47 44 48 49 53 56 59 60 61 61 60 56 52 48 47 49 54 62 70 78 85 91 96 95 88 76 64 56 53 54 58 63 66 65 60 54 50 48 51 57 65 74
140 132 124 117 110 105 102 101 100 101 102 105 109 113 117 119 116 111 104 97 96 98 100 103 106 110 113 115 114 111 107 105 105 107 109 110 112 114 118 130 134 124 102 73 50 40 39 49 48 52 56 57 57 57 56 54 50 45 41 39 41 47 55 63 70 76 83 89 91 84 72 62 56 56 59 65 71 73 70 60 50 44 42 45 51 61 70
134 126 118 111 105 102 100 100 99 100 101 104 107 110 113 114 113 109 103 99 97 97 99 102 106 110 115 117 117 114 111 109 109 110 111 113 116 119 124 130 128 114 91 66 46 38 39 48 50 54 56 57 56 55 53 50 46 42 39 38 40 46 53 59 65 71 76 82 83 79 72 65 62 63 69 77 84 86 81 70 57 47 43 45 52 61 69
127 119 111 104 100 98 97 97 98 99 100 102 105 107 109 110 110 109 107 103 100 98 97 99 104 110 116 120 120 118 116 113 113 113 114 116 119 124 129 130 121 103 79 58 43 38 41 49 54 57 59 59 57 55 52 49 45 42 40 40 43 48 53 58 62 66 71 75 78 77 73 69 68 72 81 91 100 103 97 84 67 54 47 49 56 65 72
120 112 103 97 94 94 95 95 97 98 100 101 103 105 106 107 109 110 111 109 104 99 95 96 101 109 117 123 124 122 119 117 116 116 117 118 121 128 133 130 116 92 67 49 39 37 42 54 58 61 63 62 60 56 53 49 46 45 44 45 48 52 56 59 61 63 66 70 74 76 75 73 74 80 91 105 116 120 115 98 77 60 51 54 62 71 78
115 107 99 92 92 93 94 96 97 99 100 101 103 104 105 106 109 112 114 114 107 99 93 91 98 108 118 125 126 125 123 121 120 120 120 120 121 129 134 127 110 81 55 41 35 35 41 61 61 64 67 66 62 58 55 51 49 48 48 50 53 57 60 61 61 61 64 68 73 76 78 77 79 86 98 114 127 132 126 107 82 63 54 58 68 79 86
114 107 100 95 94 96 98 99 101 101 102 103 104 105 106 107 110 112 113 111 104 97 92 91 97 107 116 124 126 126 125 123 123 124 124 125 126 127 125 113 94 70 49 37 33 35 42 57 62 66 68 68 65 61 58 55 53 53 54 56 58 60 61 61 62 63 66 69 73 76 78 80 83 91 102 115 124 126 119 103 82 65 58 61 71 83 92
116 109 103 100 100 101 104 105 106 105 105 105 106 107 109 110 111 111 110 106 100 94 90 90 96 105 114 122 125 126 125 125 125 127 128 129 128 124 114 96 76 57 43 35 33 35 42 53 62 66 68 69 67 64 61 59 58 58 60 61 62 62 62 62 64 66 70 73 75 77 79 81 86 93 102 110 114 113 105 92 76 63 58 62 73 86 99
119 113 108 106 106 108 110 113 112 110 108 107 108 110 112 113 113 111 107 102 97 91 87 88 94 103 113 120 124 126 126 125 126 128 130 131 129 120 103 78 60 46 38 34 34 37 42 52 65 66 69 70 70 67 64 61 61 62 64 65 65 64 63 64 66 71 76 79 79 78 79 82 86 93 99 102 101 97 89 78 67 58 56 62 74 90 106
122 116 112 110 111 113 116 119 116 113 111 110 112 114 116 117 115 112 106 100 94 89 86 86 93 103 112 120 124 126 126 125 127 128 129 129 126 113 94 62 48 39 36 36 38 40 44 52 71 66 69 71 71 68 64 62 62 64 67 68 68 67 65 66 70 77 84 86 84 81 80 82 86 90 93 92 88 81 74 66 58 54 54 62 76 94 114
121 118 115 114 114 115 117 118 117 116 114 114 116 119 121 121 118 113 107 100 94 89 87 88 94 104 113 120 125 127 128 128 128 127 125 120 111 97 79 58 48 42 41 43 45 48 52 60 71 71 72 72 71 67 63 61 61 63 65 67 68 68 69 73 79 86 92 94 92 88 85 84 84 85 85 81 76 70 64 59 55 53 56 66 81 100 119
119 117 115 115 114 114 114 115 116 116 117 119 121 124 125 125 121 116 109 102 96 91 89 91 96 105 113 121 125 128 129 129 128 124 118 107 94 79 66 57 53 51 51 53 55 58 63 70 76 76 76 74 70 64 60 57 57 59 62 64 67 69 74 80 88 96 102 103 100 95 90 87 84 80 76 71 66 62 58 55 54 55 61 71 86 104 124
114 114 114 114 112 111 110 111 113 116 119 122 125 127 129 129 125 118 111 103 97 92 90 92 97 105 113 120 124 127 128 127 125 120 111 95 76 62 54 56 61 63 63 64 66 70 75 80 83 82 80 76 69 61 55 53 54 56 58 62 66 71 78 87 97 106 112 112 108 101 95 89 83 76 69 63 58 56 55 55 56 59 65 75 90 108 128
109 108 109 110 108 106 105 106 110 115 120 124 127 130 131 131 126 119 112 104 98 92 90 91 96 102 110 117 121 122 123 122 118 113 104 83 62 50 45 59 70 73 74 75 76 81 85 91 93 87 84 78 68 58 51 49 51 53 57 61 67 74 83 93 105 114 120 119 113 106 98 91 83 74 65 58 54 53 54 57 59 64 70 80 93 111 131
103 101 101 101 100 100 101 103 108 115 120 125 128 129 129 128 123 117 110 104 97 91 88 88 91 97 104 109 112 113 112 110 106 99 89 74 59 51 52 63 73 78 79 81 84 90 96 100 100 93 86 77 66 56 50 49 50 53 58 64 72 80 90 100 110 117 120 119 114 107 100 92 83 73 64 57 54 55 58 61 65 69 74 83 96 114 134
96 93 91 90 91 93 96 101 107 114 121 125 127 127 125 122 118 113 108 101 94 87 83 82 84 89 94 99 101 101 99 96 91 84 76 66 59 57 62 72 78 80 81 84 89 97 105 109 107 99 88 76 64 56 51 49 51 56 62 70 79 88 97 106 113 117 118 116 112 107 100 93 84 74 65 59 58 60 64 68 72 75 79 86 98 114 135
90 85 82 81 83 87 92 98 106 115 121 125 125 123 119 114 111 107 103 98 90 82 76 74 76 80 84 87 88 88 85 81 76 70 64 61 60 64 72 83 83 83 83 86 93 103 113 118 115 104 89 74 62 55 51 51 54 59 67 77 86 95 104 111 115 116 114 111 109 106 101 95 86 76 68 63 63 67 73 78 81 82 83 88 97 113 134
84 79 75 73 78 85 91 98 107 115 122 125 123 118 112 106 102 100 97 93 85 76 70 65 68 72 75 77 77 76 72 68 64 60 56 58 61 70 81 95 90 87 86 90 98 110 121 125 121 107 88 72 61 55 53 54 57 63 72 83 93 102 109 114 117 115 112 109 108 107 104 98 90 81 73 70 72 77 85 90 92 91 88 89 96 110 131
80 76 73 74 79 87 95 103 111 117 122 122 119 113 105 99 94 91 87 83 77 70 64 61 63 65 68 69 69 66 63 59 57 56 57 61 67 76 86 96 96 95 97 102 110 120 127 128 120 104 87 72 62 57 56 57 61 68 77 88 98 105 111 114 116 115 114 113 113 111 108 102 95 88 83 82 85 91 98 102 103 99 94 91 95 107 126
78 75 74 77 84 93 102 110 116 121 122 120 115 107 99 91 86 81 77 73 68 63 59 58 59 61 63 64 62 59 56 53 53 55 60 66 74 81 90 98 101 104 109 115 123 130 133 129 117 100 83 70 63 60 60 61 65 73 83 93 102 108 111 113 114 116 119 120 120 117 113 107 101 96 94 95 99 105 111 115 115 109 100 93 93 102 120
77 76 78 83 91 101 111 119 123 124 123 118 111 102 92 84 77 71 67 62 59 56 55 55 56 58 60 60 58 55 51 49 51 56 64 72 81 86 92 100 106 112 119 127 135 140 140 131 115 96 79 69 65 65 66 67 71 78 89 100 108 112 112 111 113 117 123 128 129 125 118 111 106 103 104 106 110 117 123 128 126 118 105 93 89 96 113
78 80 84 90 100 111 121 128 129 127 123 116 107 96 85 76 68 62 57 53 51 51 51 51 54 56 58 58 55 52 48 46 50 57 66 77 87 90 93 103 110 118 126 135 142 146 143 131 112 91 75 69 69 73 75 76 79 87 98 109 117 117 114 111 112 118 127 134 137 131 123 115 109 108 110 113 118 124 131 136 135 124 108 93 84 91 108
81 86 93 101 112 121 129 134 133 129 122 113 102 91 79 69 61 55 50 47 46 46 47 49 52 54 56 56 53 50 47 46 49 56 66 77 87 93 97 105 111 119 128 137 143 144 138 125 107 90 78 74 76 80 84 88 93 102 112 121 126 125 120 115 115 120 129 136 138 134 125 117 110 108 109 113 118 124 131 134 132 122 107 94 87 93 109
84 93 103 114 123 131 137 139 136 129 120 109 98 85 73 63 55 49 44 42 41 43 45 47 50 53 54 54 52 49 47 46 49 55 64 75 86 94 100 105 110 118 127 135 140 139 131 118 102 89 82 81 85 90 96 102 109 118 128 136 139 135 127 120 117 121 129 137 140 136 127 117 109 106 106 109 114 120 125 127 125 116 105 94 90 96 112
88 101 114 126 134 140 143 142 137 128 117 106 93 80 68 58 49 43 39 37 37 39 42 46 49 51 53 54 52 49 47 46 48 53 61 73 85 95 102 105 108 114 123 131 136 133 124 111 97 88 86 89 95 103 110 117 125 135 144 150 151 145 134 124 118 122 131 140 144 140 130 118 108 103 102 104 108 113 117 119 117 110 101 93 90 97 113
94 109 124 136 142 144 144 142 134 124 113 101 88 76 63 52 44 39 35 33 34 37 40 44 47 50 52 54 52 50 48 47 48 52 58 71 85 96 104 104 104 109 118 127 132 128 119 105 93 89 92 99 108 116 124 132 140 148 156 160 160 151 138 126 119 123 134 146 151 146 135 121 110 103 101 102 105 108 111 111 109 104 96 90 88 97 113
