testcase/grobbendonk/input/msw_correct.asc
NCOLS 693
NROWS 501
XLLCORNER 164937.5000000000
YLLCORNER 203637.5000000000
CELLSIZE 25.000000
NODATA_VALUE -2147483648
[rows 273 to 311 of 501, columns 435 to 521 of 693]
134 135 132 127 121 114 107 100 95 92 90 88 87 82 72 60 49 40 35 32 31 30 28 26 25 24 23 23 23 23 22 22 21 21 21 22 25 31 43 56 68 73 70 62 54 47 42 38 37 36 41 46 51 55 58 60 62 64 65 65 64 64 61 57 53 50 48 46 44 43 47 52 56 60 65 70 74 76 74 71 66 62 58 55 52 51 52
112 115 114 111 107 101 94 87 81 78 78 81 82 79 71 60 49 40 35 33 32 31 30 28 26 25 24 24 24 24 23 22 22 22 23 25 29 36 49 62 74 79 76 67 58 50 42 37 34 33 36 39 42 45 49 53 56 58 61 63 65 66 65 62 60 59 56 53 51 50 52 56 59 63 69 74 78 81 79 75 70 65 62 59 56 54 55
94 98 99 99 96 91 85 77 70 66 70 76 79 78 71 61 50 41 36 34 33 32 31 29 28 27 26 25 25 25 24 24 24 25 27 31 36 43 55 68 79 84 79 69 58 48 41 36 33 32 33 35 36 39 43 47 50 53 57 60 63 64 65 64 65 65 62 60 58 58 59 61 64 67 71 75 79 82 81 78 74 69 67 64 61 59 59
81 85 88 90 90 87 80 72 66 62 68 76 81 81 75 65 54 44 38 35 33 33 32 30 29 28 27 26 26 26 26 26 27 29 33 38 44 51 62 73 82 85 79 69 57 47 40 36 33 32 32 32 33 35 39 42 46 49 53 56 58 60 62 63 64 65 64 63 63 65 64 64 66 69 72 75 77 79 80 80 81 85 77 72 68 63 66
73 77 82 86 87 85 79 73 68 66 73 82 88 88 81 70 58 48 40 35 33 32 32 31 31 30 29 28 27 27 28 30 32 36 41 48 55 62 70 76 81 82 75 66 55 46 40 36 33 32 31 31 32 34 37 40 43 46 49 51 53 55 57 58 60 61 61 62 64 65 64 64 65 67 69 72 74 76 76 76 76 75 75 77 79 84 79
72 77 82 85 86 85 81 77 75 77 85 93 100 100 91 77 63 50 41 35 32 31 32 33 34 34 33 32 30 29 31 35 39 43 50 57 65 72 74 75 74 71 67 60 53 45 40 36 33 32 31 31 32 34 36 38 41 43 46 48 49 51 52 54 55 55 57 58 60 61 61 60 60 61 64 67 70 72 72 71 69 65 71 76 81 85 84
76 83 87 87 86 85 83 82 84 90 98 106 112 112 101 85 68 52 42 36 32 31 33 36 39 40 40 38 35 34 37 43 48 52 58 65 71 75 74 72 67 63 59 55 50 45 41 37 34 32 31 31 32 34 36 37 39 41 43 45 46 48 49 49 50 51 52 53 54 54 55 55 55 55 58 62 65 68 69 70 70 69 73 76 80 85 83
85 93 94 90 85 82 81 84 91 100 109 117 123 122 110 93 74 57 46 38 33 32 35 41 46 50 50 48 45 43 48 54 59 63 67 70 73 74 71 66 61 56 54 52 49 46 42 38 34 32 32 32 33 34 36 38 39 40 42 43 43 44 45 46 47 48 49 50 50 49 51 51 51 52 55 58 61 64 67 70 73 76 76 75 73 70 74
93 104 101 92 83 77 77 83 93 105 116 125 131 129 118 102 83 65 53 43 36 34 38 47 55 62 63 61 58 57 62 67 73 77 76 74 70 67 64 60 55 51 50 49 48 46 42 38 35 33 33 33 34 36 37 39 40 41 41 41 41 41 42 43 44 45 46 47 49 50 50 50 51 54 55 56 59 62 66 70 75 79 77 75 73 72 73
99 112 106 92 78 70 71 80 92 106 119 130 136 135 125 110 93 77 62 50 41 38 43 52 63 72 73 72 73 75 76 78 82 84 80 73 67 61 57 54 50 48 47 47 46 45 42 39 36 34 35 36 37 38 40 41 42 42 42 42 41 40 41 42 43 44 45 46 47 47 48 48 49 50 52 55 57 60 64 68 72 75 74 73 72 73 75
102 115 107 91 75 64 67 77 91 107 121 133 140 140 131 116 101 87 72 59 49 44 49 56 65 73 75 77 79 83 82 82 83 83 77 69 62 56 52 49 46 45 44 44 44 43 41 38 36 36 37 39 41 43 45 45 46 45 45 44 43 42 43 43 44 44 45 46 47 47 47 47 48 49 51 54 56 58 62 65 68 69 69 68 69 71 75
103 115 108 92 74 63 66 77 92 108 123 136 143 144 133 118 104 91 77 67 59 55 57 60 63 67 70 73 76 79 78 77 75 72 68 62 56 50 47 45 43 42 42 42 41 40 38 37 36 36 39 42 46 49 50 50 50 49 48 48 47 47 46 47 47 47 47 47 48 48 47 47 47 48 51 54 57 60 62 63 63 62 63 63 64 67 73
110 118 112 96 78 66 70 82 97 112 127 138 144 143 132 116 101 88 79 73 70 69 66 63 61 60 62 65 67 68 69 68 66 62 59 54 49 45 43 42 41 40 40 40 39 38 36 35 35 36 40 45 50 55 56 55 54 53 52 52 52 52 51 51 50 50 50 50 49 49 48 48 47 48 51 55 59 63 63 62 60 59 58 58 59 63 71
127 132 125 109 91 79 83 94 107 120 133 142 144 139 128 112 96 84 79 78 80 80 74 67 60 56 55 57 58 59 60 59 57 54 51 47 44 41 40 40 40 40 39 38 37 36 34 33 33 35 40 46 53 58 59 59 58 57 56 56 56 56 55 53 53 53 52 52 51 51 50 50 49 50 53 57 60 63 62 60 58 57 55 55 56 60 69
154 156 147 131 113 100 104 113 124 134 144 150 150 142 129 112 95 83 80 83 87 89 81 70 59 52 49 50 51 53 53 52 50 47 45 42 40 39 38 39 40 41 39 38 36 34 32 31 32 34 40 47 54 59 61 61 60 60 58 57 57 57 55 54 53 53 53 53 53 53 53 53 54 55 57 59 61 62 60 58 56 54 52 52 54 59 67
184 185 173 156 141 131 131 137 146 155 162 164 160 150 136 117 98 84 83 89 94 95 85 71 58 49 44 44 46 48 47 46 45 43 41 39 37 36 36 38 40 41 39 37 35 33 31 31 32 35 41 48 55 59 62 63 62 61 59 57 56 55 53 52 51 51 52 53 54 55 56 56 56 57 58 59 61 61 58 55 51 48 48 48 51 57 65
204 206 192 176 164 159 155 158 167 177 181 181 177 167 153 133 111 91 95 101 103 98 89 75 59 46 42 41 42 44 43 42 41 40 38 37 35 34 35 37 39 40 39 38 35 32 33 33 34 37 44 51 58 62 64 64 63 60 58 55 53 50 50 49 49 49 51 53 55 57 57 58 58 58 59 60 59 58 55 51 47 44 44 45 49 54 62
206 207 195 180 170 166 162 166 176 188 191 193 193 191 178 161 143 127 127 127 122 111 100 85 67 51 46 44 42 40 40 40 40 38 38 37 35 33 36 38 39 40 41 40 39 37 38 39 40 43 50 57 63 67 68 67 64 60 57 53 50 48 47 47 48 49 51 52 54 56 58 60 61 62 62 61 59 56 53 49 45 42 41 42 45 50 58
194 192 183 170 159 153 153 159 170 182 189 194 199 203 198 191 185 178 171 163 153 139 123 104 85 67 61 55 48 41 42 43 44 45 42 40 41 42 41 41 41 42 44 46 48 48 49 49 50 52 58 64 69 73 72 70 66 61 56 52 49 46 45 46 47 49 50 52 54 57 60 63 65 65 66 64 60 56 51 47 44 41 40 40 42 46 53
178 177 167 153 139 129 133 142 154 165 175 183 191 198 205 213 221 224 212 195 181 166 145 125 109 96 85 75 66 59 54 51 48 45 43 43 43 44 44 44 45 47 50 53 57 60 60 59 60 63 66 71 74 76 76 73 68 63 58 52 48 45 44 45 46 48 49 51 53 57 62 67 71 73 73 69 63 56 51 47 44 41 39 39 41 44 50
161 159 150 136 121 109 115 125 136 147 157 167 176 185 202 220 238 250 230 207 188 174 151 134 126 122 108 96 85 75 69 62 54 48 46 45 46 47 47 47 49 51 53 57 62 67 65 65 67 70 72 75 78 79 78 75 70 65 59 52 47 43 42 43 45 46 48 49 51 56 63 70 78 83 82 77 69 59 54 50 45 41 39 39 41 44 47
146 143 135 124 113 105 106 112 120 129 138 149 159 171 189 209 226 234 215 189 165 145 130 121 120 122 114 108 104 98 90 78 64 51 51 51 51 50 49 49 50 52 53 54 58 61 62 63 65 69 72 74 77 79 77 74 70 65 59 52 46 41 41 42 44 47 45 45 46 51 60 71 82 91 91 87 79 70 64 57 50 43 40 40 41 44 46
133 129 123 116 109 105 102 102 104 109 118 130 142 156 170 182 192 192 175 150 123 99 93 92 95 100 103 108 114 119 109 97 83 71 66 62 57 53 50 48 48 49 48 47 48 51 53 55 59 62 65 68 71 74 72 69 66 62 57 52 48 45 42 40 40 40 39 38 39 43 54 67 81 93 96 97 94 88 79 68 56 47 42 40 41 43 44
120 117 112 108 104 101 97 93 91 92 99 110 122 136 142 147 147 139 127 107 83 61 58 60 64 68 82 96 110 121 117 111 104 96 87 77 67 57 52 48 44 40 39 38 37 36 41 45 50 54 56 58 60 61 61 60 59 56 54 50 48 45 41 37 34 31 31 32 34 38 48 60 73 85 95 102 107 107 95 79 64 51 44 41 41 42 42
105 102 101 102 102 101 96 89 83 80 84 91 99 107 111 112 106 94 87 74 57 41 39 40 42 45 63 81 97 109 114 116 117 117 106 93 79 66 58 51 43 35 33 31 30 30 33 37 42 46 47 47 46 45 49 52 53 53 51 48 45 44 38 33 29 27 27 28 30 35 41 50 61 73 86 100 112 119 106 88 70 55 47 43 40 39 40
88 87 90 96 100 102 97 89 81 75 74 76 78 80 85 86 81 72 66 57 47 39 34 33 36 41 55 70 83 93 103 112 119 123 116 105 94 82 72 60 48 37 33 31 29 28 29 31 34 38 38 38 38 37 42 46 49 50 47 43 39 34 31 29 27 26 25 25 27 31 35 40 48 58 73 89 104 112 104 89 74 61 53 47 42 39 40
73 73 81 91 100 105 101 93 83 75 72 70 67 65 70 74 72 66 60 53 46 41 36 36 39 46 55 65 73 81 93 103 112 117 116 112 107 101 88 73 59 46 41 37 32 29 28 29 28 26 30 33 37 42 42 44 46 45 44 40 36 31 28 26 25 25 23 23 24 27 29 32 36 44 58 73 86 94 93 87 79 70 64 57 49 43 45
62 65 76 90 102 109 106 98 90 83 78 74 71 68 72 76 76 73 64 55 47 43 39 41 46 53 59 64 70 76 84 93 100 104 107 109 111 110 98 85 73 63 56 50 42 36 35 34 31 29 31 33 35 38 40 44 46 47 44 40 35 31 29 27 26 25 24 23 23 24 25 27 30 36 47 58 67 73 79 83 84 83 78 72 65 58 58
58 62 75 90 104 112 110 103 97 92 89 86 85 84 86 88 87 83 72 59 49 42 41 44 51 59 62 65 68 73 77 82 86 90 93 97 101 104 96 89 84 82 73 66 60 54 51 48 43 39 40 41 39 34 42 47 49 48 47 45 40 35 34 33 30 27 28 28 27 24 27 29 31 34 43 51 56 60 71 81 89 95 93 90 86 82 80
62 68 80 93 104 111 110 106 102 100 100 101 104 106 105 102 98 91 77 62 49 41 41 46 53 61 63 64 66 67 69 71 73 75 76 77 78 79 79 80 83 87 82 78 76 75 70 66 62 61 59 58 57 57 59 60 59 56 57 57 53 49 49 48 45 41 43 43 40 36 39 41 42 44 49 55 58 61 72 84 94 101 105 107 109 109 103
71 80 89 97 103 107 107 105 104 105 108 114 121 125 120 112 105 95 79 63 49 40 40 46 53 59 62 62 62 61 61 61 61 60 59 56 53 50 56 63 70 77 78 80 83 87 83 79 77 78 75 74 77 82 79 78 78 79 76 74 73 73 70 69 68 69 67 66 65 64 62 61 61 63 64 66 69 74 80 88 97 104 111 118 125 129 121
81 91 96 99 101 102 102 103 104 107 114 122 130 133 126 115 103 91 76 61 49 42 42 46 51 57 59 60 59 58 56 53 50 47 44 41 37 34 39 46 52 58 65 72 79 84 83 81 80 81 80 82 86 91 90 89 90 92 90 88 89 90 89 88 89 91 90 90 90 89 84 80 78 78 77 77 80 85 88 92 97 104 112 120 127 131 125
90 100 102 101 99 97 98 100 104 109 117 126 132 134 124 110 96 83 69 57 49 44 44 47 51 55 57 58 58 57 53 47 42 38 34 31 29 28 29 33 36 41 50 60 69 75 76 75 75 76 77 79 84 90 90 90 93 96 95 95 97 100 101 103 105 107 108 109 110 107 101 94 88 86 83 83 86 90 90 91 94 100 106 114 121 125 121
96 105 104 100 96 93 95 99 105 111 120 127 131 129 117 101 84 71 60 53 49 48 49 50 52 53 57 59 60 58 52 45 37 32 29 28 27 26 26 26 27 29 38 48 57 63 65 64 64 64 66 70 75 81 82 84 87 92 93 96 100 106 108 112 115 119 121 122 123 121 110 98 90 86 80 80 83 88 84 82 84 90 94 100 108 113 110
97 104 102 98 93 91 95 101 108 117 125 130 129 121 109 92 72 55 50 50 53 56 58 59 60 60 63 65 65 63 56 47 39 32 31 32 33 32 29 26 24 24 31 39 46 51 54 54 52 51 55 60 63 64 71 75 77 77 85 92 98 103 110 116 121 124 127 128 126 120 108 93 79 68 66 67 68 69 67 65 64 65 73 83 90 94 98
94 98 98 96 93 93 97 104 113 122 130 136 135 126 111 91 70 53 50 54 60 67 72 74 75 75 78 79 76 70 64 57 49 43 42 43 44 44 38 32 26 25 29 35 42 46 49 50 49 49 54 60 63 65 71 77 78 78 86 93 100 106 112 119 125 129 130 129 124 116 102 85 68 56 53 54 54 53 52 50 47 48 59 71 82 89 95
94 94 95 96 96 97 101 108 117 128 138 146 147 139 123 100 76 59 57 64 73 83 91 96 98 98 103 104 98 87 83 76 67 60 58 59 60 59 51 41 33 29 32 37 43 49 52 54 55 56 64 72 76 79 87 92 92 90 96 102 106 110 115 120 125 129 128 124 118 109 94 76 60 47 45 46 46 45 46 44 41 41 55 71 85 95 103
100 99 99 100 101 103 107 113 121 133 146 159 165 160 143 118 93 76 73 80 91 104 115 124 131 136 140 141 137 128 118 105 93 83 78 77 76 73 64 53 44 39 40 45 52 58 62 66 70 76 86 96 105 111 117 120 120 118 117 115 113 113 114 117 120 122 120 115 109 99 85 70 56 47 45 47 49 51 52 52 52 55 68 85 100 113 122
115 111 111 111 111 112 113 117 125 136 154 171 184 185 166 139 112 95 92 99 112 126 140 153 166 176 180 181 180 173 156 137 120 107 99 95 93 88 79 68 58 52 54 59 66 73 79 85 92 101 113 126 139 149 152 152 151 148 138 127 118 113 110 110 110 110 108 103 96 87 76 64 54 49 50 55 60 65 67 69 72 79 91 106 123 137 147
