testcase/grobbendonk/input/msw_correct.asc
NCOLS 693
NROWS 501
XLLCORNER 164937.5000000000
YLLCORNER 203637.5000000000
CELLSIZE 25.000000
NODATA_VALUE -2147483648
[rows 312 to 350 of 501, columns 435 to 521 of 693]
139 133 132 129 126 123 121 122 128 138 158 180 198 206 186 158 132 113 112 119 131 146 161 176 193 208 211 212 213 211 188 163 142 126 117 111 109 105 95 84 75 70 72 78 86 93 101 108 117 128 141 155 170 182 180 177 174 170 151 132 117 107 101 98 96 95 92 88 82 76 66 58 52 52 57 65 75 84 88 92 97 105 116 130 147 163 172
178 173 166 155 144 135 129 128 132 142 160 181 197 204 192 171 151 137 133 137 146 159 172 187 202 216 222 225 226 220 201 178 157 141 130 125 122 118 111 104 97 95 97 103 111 118 126 133 142 153 165 178 190 196 193 185 176 165 145 125 108 96 87 82 78 76 73 70 66 61 55 50 49 53 62 75 89 102 110 116 122 130 140 152 166 181 192
224 221 206 185 164 147 137 133 135 144 159 176 190 196 192 180 168 158 153 153 158 166 176 188 200 211 219 224 224 218 203 183 164 150 141 136 134 132 128 124 122 122 125 131 139 146 152 159 166 175 185 194 202 203 196 182 166 148 129 110 93 80 70 64 59 56 54 52 50 46 43 42 44 51 66 84 104 120 130 138 145 152 160 170 181 194 207
267 268 244 212 181 158 143 137 136 142 155 169 181 188 189 186 181 176 170 165 165 168 174 182 190 200 209 215 217 212 200 185 169 156 149 147 147 147 147 147 148 150 154 160 167 174 178 182 187 193 200 206 209 206 194 175 152 129 110 93 77 63 54 47 42 38 37 37 36 35 34 35 39 48 68 92 116 136 148 156 163 170 176 182 191 203 217
295 302 268 228 192 164 148 140 138 141 152 163 174 181 187 190 192 190 182 173 168 166 167 172 178 185 196 205 208 206 198 185 172 161 158 158 161 163 165 168 172 177 180 185 192 199 200 201 204 207 211 214 214 208 191 168 141 113 96 79 64 51 43 37 31 26 28 29 29 28 30 32 37 47 70 98 125 149 160 168 175 182 185 189 196 206 223
288 285 259 224 192 167 152 144 142 145 152 160 169 177 185 193 197 196 187 176 165 159 158 160 166 174 185 195 201 202 197 188 178 171 169 170 174 178 182 186 191 196 200 204 209 213 214 214 214 216 217 217 214 205 188 165 139 113 93 76 60 48 40 35 31 29 30 31 32 32 33 36 42 54 76 102 127 148 161 169 176 181 184 188 195 206 223
262 253 233 208 184 165 154 149 148 150 154 159 165 173 183 194 201 200 191 176 161 150 147 150 155 164 177 189 197 200 198 192 186 181 180 182 187 192 196 201 206 211 214 217 220 222 222 221 220 220 219 218 213 204 188 167 143 120 99 80 64 52 45 42 41 40 41 41 41 41 42 45 51 63 82 103 124 142 155 163 169 174 177 180 187 199 217
230 216 203 189 173 161 155 154 155 158 158 159 162 168 181 195 205 207 196 177 158 143 140 142 148 157 171 185 195 201 201 197 193 190 190 193 198 204 208 213 218 222 224 225 226 227 226 224 222 221 220 218 213 204 190 172 152 131 109 89 73 61 56 54 56 57 57 56 55 55 54 56 61 71 85 102 119 133 144 153 158 162 165 168 174 185 205
202 185 180 174 166 159 159 161 164 166 163 161 160 164 180 197 210 215 203 183 161 142 140 143 148 155 170 185 196 204 204 202 199 198 199 202 207 213 217 221 225 229 229 229 229 228 227 225 222 220 220 218 213 205 193 178 162 144 121 100 84 73 69 69 72 76 74 71 70 69 66 65 69 76 87 100 113 123 133 140 145 148 151 155 159 168 190
190 178 173 171 168 166 168 170 172 172 168 164 162 167 181 199 213 219 211 195 176 160 156 157 161 167 178 189 198 205 206 206 205 204 206 209 213 217 221 224 226 228 229 228 228 227 226 225 223 221 220 218 214 207 197 184 169 152 132 112 96 86 82 84 87 90 88 84 81 77 74 72 74 79 88 98 107 115 123 128 132 135 139 143 149 160 178
187 179 176 176 177 179 180 181 182 179 174 167 164 169 183 202 218 226 223 212 198 186 180 179 181 185 191 197 202 206 208 208 209 209 211 213 216 219 221 223 224 225 225 225 224 224 224 224 223 223 222 219 215 209 200 190 177 161 142 123 108 98 95 97 101 103 100 95 89 83 79 77 77 81 87 95 103 109 114 118 121 124 129 134 142 152 167
188 185 183 185 188 192 193 193 192 188 180 172 167 169 185 206 225 237 239 233 224 215 209 206 205 206 205 206 207 208 209 211 212 213 215 217 218 220 221 221 221 220 220 221 220 220 221 222 223 224 223 220 217 211 204 195 184 170 153 134 119 109 107 110 114 116 111 103 95 88 83 80 79 82 87 93 99 104 108 110 112 115 121 128 136 146 157
191 190 190 192 197 203 202 201 199 196 186 176 170 170 188 210 231 249 255 255 252 246 240 233 228 225 218 213 210 209 211 213 215 216 218 220 221 220 221 221 219 216 217 218 217 217 219 221 223 224 223 221 218 213 207 200 191 180 163 146 131 120 118 121 124 126 118 108 99 91 85 82 81 83 87 93 97 101 104 106 107 109 116 125 134 143 151
191 190 190 194 199 204 205 204 201 197 189 182 178 181 195 214 234 253 266 275 279 277 269 258 246 236 225 218 213 211 212 214 217 220 222 223 224 224 223 222 221 219 218 218 218 217 218 220 221 222 222 220 218 215 210 203 195 185 171 157 144 135 131 130 130 128 120 110 100 92 87 84 84 85 89 94 98 101 103 105 106 110 117 125 134 143 151
189 186 187 191 196 201 203 202 200 196 191 186 186 190 200 215 233 253 272 290 303 306 296 277 258 240 227 217 212 210 212 215 218 222 224 225 226 227 226 225 224 222 221 220 219 218 218 218 219 219 219 219 217 215 211 205 198 190 180 169 159 150 144 139 134 128 119 110 101 93 89 87 88 90 94 98 101 104 106 107 110 114 120 129 139 148 155
185 179 179 183 189 194 197 197 195 192 189 188 190 195 201 211 225 245 271 298 320 330 315 289 262 239 223 213 207 206 208 212 217 221 224 225 226 227 227 227 227 226 224 222 220 218 217 216 215 215 215 215 215 214 211 206 201 194 188 181 174 166 158 150 140 129 120 111 102 95 92 92 93 96 100 104 108 110 111 113 115 119 126 135 145 155 163
177 169 168 171 177 184 188 190 190 188 186 185 187 192 193 199 210 229 260 293 323 341 320 289 257 230 213 203 198 198 200 204 210 216 218 219 221 224 224 225 226 226 223 220 218 216 213 211 209 208 210 211 211 211 209 206 203 199 197 195 190 183 174 162 149 135 125 116 107 100 98 99 101 103 108 113 116 118 119 120 121 125 133 142 153 163 172
168 158 155 157 162 169 176 181 185 185 182 178 175 174 174 179 190 209 239 272 300 313 299 272 242 216 199 189 184 184 187 191 197 202 204 207 209 212 215 218 220 220 218 215 211 208 206 204 202 202 203 204 205 205 205 204 204 204 206 208 207 202 192 178 162 147 136 126 118 111 109 109 111 114 119 124 127 129 129 128 128 131 139 149 160 171 179
159 147 143 143 146 152 163 173 181 182 177 168 158 152 151 155 165 183 211 242 266 275 265 244 218 195 179 171 167 167 170 174 179 183 185 187 190 194 199 204 208 210 208 204 200 197 194 192 192 192 193 194 195 196 197 198 201 206 211 217 220 219 207 191 175 160 147 136 129 123 120 119 120 124 129 134 139 141 139 136 134 136 143 154 166 177 186
151 138 133 131 132 137 151 167 179 183 174 158 142 130 129 133 141 155 183 212 232 238 231 213 191 170 158 152 150 149 152 156 159 161 163 164 167 171 177 185 191 194 191 186 182 179 177 176 177 180 181 182 183 184 185 187 192 200 207 216 225 228 215 197 181 167 153 142 136 132 127 125 126 130 135 141 147 151 147 142 138 138 145 156 169 181 189
151 136 132 129 126 127 145 164 179 185 172 153 131 115 117 124 130 138 168 194 209 210 204 189 168 148 141 139 137 136 139 141 141 140 140 140 141 145 152 161 170 175 170 163 158 156 154 155 159 164 166 167 168 168 168 170 175 183 190 201 214 223 206 186 171 161 147 137 133 133 126 123 124 129 134 141 149 156 151 144 138 137 144 155 168 181 188
162 153 146 140 135 137 149 165 178 182 171 152 134 122 125 134 145 158 179 196 204 202 192 175 156 141 135 134 135 135 135 133 129 124 120 118 117 119 127 136 143 146 141 134 127 124 125 130 137 144 149 152 152 151 149 147 147 151 157 166 175 179 169 154 142 132 124 119 117 116 113 110 111 115 122 130 139 146 144 140 136 136 141 151 162 172 181
181 176 168 158 151 150 158 170 180 181 172 156 142 137 144 159 177 194 207 214 214 206 191 172 153 139 135 137 140 141 138 131 122 113 107 101 98 98 105 114 120 120 115 106 97 92 97 107 118 128 136 140 140 137 131 124 118 115 118 123 127 126 120 111 102 94 92 92 93 94 93 91 91 94 102 113 123 130 132 131 130 131 135 141 150 159 167
199 201 190 176 166 162 166 174 182 183 174 160 150 151 164 187 213 234 240 238 230 217 197 174 154 141 139 144 151 154 147 136 123 110 101 94 88 86 94 104 108 107 100 89 76 69 79 95 109 121 133 139 139 133 124 111 96 85 85 88 86 80 78 73 65 58 62 68 72 74 74 73 71 72 82 95 106 114 117 119 120 122 123 127 133 140 148
209 219 204 186 173 167 168 173 179 183 172 160 154 159 180 210 242 269 266 256 243 227 202 176 156 143 145 153 163 169 159 145 129 116 108 102 94 89 101 112 116 111 106 94 78 65 83 103 119 131 146 153 153 144 134 118 96 74 76 76 69 56 59 57 49 39 48 57 62 64 65 64 61 58 70 82 93 100 103 106 108 110 108 109 112 118 123
200 206 197 183 171 164 162 164 167 167 159 152 152 162 187 219 251 273 273 260 242 222 199 177 160 151 153 160 169 173 166 155 143 134 129 128 127 128 136 144 147 144 137 126 115 109 121 138 155 169 181 187 187 180 168 151 131 113 106 101 93 83 80 75 68 61 63 68 70 72 72 71 69 68 74 81 87 90 93 93 93 93 90 88 88 91 95
181 184 178 169 159 153 150 149 148 146 142 139 142 156 184 218 249 268 267 253 232 210 190 173 162 157 159 166 172 176 173 166 160 157 159 165 172 181 188 193 195 193 186 178 172 172 179 192 206 220 229 234 235 230 218 202 186 172 162 153 144 136 128 120 112 105 100 97 95 94 93 93 93 92 91 91 90 89 88 87 84 81 77 73 69 68 74
159 159 156 150 143 137 134 132 129 126 123 123 128 143 174 210 241 259 256 239 216 193 177 166 160 160 162 168 174 178 178 176 176 180 189 203 221 237 243 245 247 247 241 235 233 237 240 248 261 274 279 282 284 283 271 258 247 239 225 214 207 201 189 176 167 159 148 137 130 126 125 126 127 125 119 110 102 96 94 92 87 81 79 74 66 61 69
139 136 135 132 127 122 121 119 115 110 110 112 116 129 163 200 231 249 243 224 199 175 164 158 156 158 161 166 172 178 179 181 186 196 211 232 258 283 285 286 290 293 285 280 282 290 288 291 302 316 316 317 321 325 312 301 296 295 279 267 262 261 245 230 221 214 196 180 169 163 163 165 167 166 153 138 124 114 113 113 110 103 106 102 92 82 97
126 122 121 118 115 113 113 112 111 108 108 110 116 131 160 192 218 231 226 208 186 165 154 149 149 152 155 160 165 170 174 179 188 201 220 244 269 291 300 304 307 309 304 301 303 307 307 309 315 323 324 325 328 329 323 316 313 312 303 295 292 289 278 267 258 249 233 218 207 202 202 206 208 204 190 171 155 146 148 155 162 164 167 165 160 159 172
118 114 112 110 108 108 110 112 114 114 114 116 122 136 159 186 207 216 210 194 173 155 145 141 141 143 146 149 153 157 162 169 180 195 215 238 262 281 293 299 303 304 302 301 301 302 302 303 306 309 311 312 312 312 311 309 308 308 305 302 301 300 296 290 284 276 264 252 243 239 242 248 252 247 230 208 190 183 190 208 228 243 248 248 249 257 270
115 110 107 105 105 106 110 116 121 125 124 125 129 140 160 182 198 205 198 181 162 145 135 132 132 133 135 137 139 141 147 155 165 180 199 221 242 259 272 280 284 285 285 285 283 283 283 283 283 282 284 285 284 283 285 288 290 291 293 296 298 301 303 303 303 299 292 284 277 274 281 291 297 293 272 244 223 216 231 260 295 324 327 327 333 348 363
114 108 105 104 104 106 113 121 130 136 135 134 136 144 160 179 192 197 188 171 152 135 127 125 124 125 126 127 126 126 132 139 148 159 178 198 216 231 244 253 257 258 260 260 258 256 256 256 254 251 254 255 253 250 257 263 267 269 276 282 288 295 303 311 317 320 318 314 309 308 318 329 337 335 307 274 249 240 259 295 340 382 378 375 384 406 417
116 110 107 105 106 109 117 126 135 142 142 142 144 150 163 177 187 188 180 164 147 132 124 120 120 120 120 120 119 118 121 126 132 142 157 173 189 202 214 223 228 230 232 232 231 230 230 229 228 226 228 230 230 231 237 243 248 253 259 266 275 285 298 313 327 336 341 343 343 346 353 360 362 353 325 292 267 258 272 301 338 367 371 370 376 390 405
120 115 111 109 109 112 120 130 139 146 148 148 150 156 165 176 183 183 174 160 144 130 122 119 118 118 117 117 115 114 114 115 118 125 136 149 162 174 185 193 198 201 204 205 205 205 205 205 205 205 207 210 212 216 222 228 233 239 245 252 260 272 291 313 333 349 359 366 371 376 379 379 374 359 330 296 269 257 263 282 305 321 325 322 322 328 341
125 120 116 113 112 115 123 132 142 150 152 153 154 159 167 175 181 180 171 156 141 129 121 118 117 117 117 116 114 113 110 107 107 109 118 129 139 148 158 166 171 174 178 180 181 181 182 184 185 186 189 194 199 205 211 217 223 229 235 241 248 259 282 310 335 356 369 379 388 393 390 384 373 355 321 285 256 239 238 246 256 261 260 253 244 240 252
130 126 121 117 116 117 124 134 144 152 154 155 157 160 167 175 179 178 168 154 139 127 121 118 117 117 117 116 114 113 107 102 98 98 105 115 122 129 139 146 150 152 157 161 162 162 165 167 168 170 175 180 187 196 203 211 219 225 233 239 244 250 278 307 334 355 368 378 386 392 382 369 354 335 297 260 229 208 203 204 204 199 195 184 167 152 167
134 130 125 122 120 121 126 134 142 149 153 156 159 162 168 173 175 172 163 150 137 126 120 117 116 116 116 115 114 111 106 100 96 96 101 109 116 123 130 136 139 142 146 149 152 153 154 155 157 159 163 170 178 188 199 210 221 231 241 249 256 266 285 307 327 342 352 357 360 359 346 329 309 285 253 220 193 174 167 164 160 153 145 133 118 107 114
138 133 129 126 124 125 128 133 138 144 149 154 159 164 168 171 170 166 157 145 134 124 118 115 115 115 115 114 113 111 106 101 98 99 103 111 119 125 130 134 136 138 141 145 148 150 150 150 150 152 156 163 172 182 197 213 229 243 255 265 275 285 296 306 315 321 324 323 319 310 294 274 250 223 197 173 152 137 131 128 124 118 110 99 87 81 86
