testcase/dijle/ghg_0_cm.asc
ncols        125
nrows        200
xllcorner    168000.000000000000
yllcorner    166500.000000000000
cellsize     20.000000000000
NODATA_value  -3.4028234663852886e+038
[rows 70 to 104 of 200, columns 0 to 77 of 125]
3256.000244140625 3229 3204 3091 2979 2867 2757 2648 2450 2254 2058 1864 1669 1544 1422 1299 1178 1057 1033 1010.0000610351562 989.00006103515625 968 950 939.00006103515625 931.00006103515625 922.99993896484375 916 910.99993896484375 916 922 928 933 938 769 598 426.00003051757812 276 150 117.99999237060547 85 52.999996185302734 22 -0 9 16 20 25 33 40 44 47 42 41 51 58.999996185302734 66 73 81 80 79 80 81 84 74 67 61 57 52.999996185302734 58 63 70 77 86 91 92 79 52.999996185302734 34
3295 3258.000244140625 3223 3079 2935 2793 2651 2510 2286 2063 1840 1618 1398 1322 1246 1173 1100 1028 1050 1072 1096 1122 1148 1144 1143 1141 1140 1141 1147 1153 1159 1164 1168 964.00006103515625 758 551 366 206 161 116.99999237060547 72 29 -0 8 14 20 31 31 31 37 48 51 54.000003814697266 62 72 80 84 91 90 92 92 94 95 85 76 68 63 60.000003814697266 63 69 75 83 92 98 91 72 50 31
3334 3287 3241.999755859375 3066 2892 2718 2546 2373 2122 1871.9998779296875 1621.9998779296875 1374 1126 1099 1072 1047 1022.9999389648437 1000 1067 1134 1204 1274 1347 1349 1354 1359 1366 1372 1378 1384 1389 1395 1399 1159 918.99993896484375 677 459 265 208.99998474121094 151 94 37 -0 3 10 14 17 16 21 27.000001907348633 36 42 47 57 68 84 93 102 103 104.99999237060547 109 107.00000762939453 108.00000762939453 95 84 77 71 66 69 74 81 90 102 100 85 66 46 28
3268.999755859375 3208.000244140625 3148 2971 2794 2618 2442 2267 2026 1785 1545 1306 1068 1100 1135 1169 1205 1242 1302 1365 1429 1494 1561 1566 1572 1579 1587 1596 1547 1499 1450 1401 1352 1104 857 608 383 184 148 109 69 27.000001907348633 -0 7 14 16 18 18 20 24 28 32 36 46 58 70 81 92 96 102 111 114 116 100 89 82 76 72 75 80 86 95 107.00000762939453 98 81 62 42 21
3205 3129 3055 2875 2696 2517 2340 2163 1931 1699 1469 1239 1010.0000610351562 1103 1196 1291 1387 1484 1539 1595 1653.0001220703125 1714 1775 1781 1789 1799 1809 1820.0001220703125 1717 1614 1511 1408 1304 1049 795 539 310 108.00000762939453 92 70 46 19 -0 9 15.000000953674316 17 19 20 20 22 23 26 26 37 48 60.000003814697266 71 83 89 96 104.99999237060547 110 114 102 93 87 81 77 80 85 91 99 112 104.99999237060547 82 61 39 17
3141 3051 2962 2780 2598 2418 2237 2058 1835 1612.0001220703125 1391 1172 952.00006103515625 1105 1258 1413 1569 1727 1776 1826 1879.0001220703125 1933 1987.9998779296875 1995.9998779296875 2006 2018 2029.9998779296875 2044 1886 1729.9998779296875 1572 1414 1257 993.99993896484375 733 471 240.00001525878906 39 43 38 27.000001907348633 13 -0 9 16 18 21 24 22 22 21 21 19 30.000001907348633 40 52 63 77 84 93 103 111 115 104.99999237060547 97 90 86 83 85 90 95 102 109 108.00000762939453 85 61 38 13
3078 2973 2869 2685 2501 2318 2135 1953.0001220703125 1739 1526 1315 1103 893.99993896484375 1106 1321 1535 1752 1969 2012.9998779296875 2058 2104 2153 2202 2212 2224 2237 2252 2268 2056 1844 1632 1420 1208 938 670 402 173 -0 7 12 13 9 -0 11 16 20 24 29 25 22 20 18 15.000000953674316 24 35 45 58 71 80 91 103 117.99999237060547 119.00000762939453 108.00000762939453 100 94 91 88 91 94 100 105.99999237060547 112 112 90 64 38 11
3015 2895 2776 2589 2403 2217 2032 1848 1644 1441 1237 1036 835.00006103515625 1109 1382 1658 1934 2211 2250 2289 2329 2372 2416 2427 2441 2456 2472 2490 2225 1958 1692 1424 1158 881.00006103515625 605 332 100 -0 -0 -0 -0 0 -0 11 18 22 29 37 30.000001907348633 25 20 17 12 20 29 40 52.999996185302734 67 78 90 104 120.00000762939453 116 110 104 99 96 94 96 100 104.99999237060547 110 116 116 101 69 39 9
2815 2675 2538 2375 2213 2051 1891 1731 1617 1503 1390 1279 1168 1410 1652 1895.9998779296875 2140 2387 2414 2442 2472 2504 2537 2527 2517 2510 2504 2500 2236 1971.9998779296875 1708 1443 1179 908 636 368 140 -0 -0 6 9 8 -0 11 17 21 26 32 27.000001907348633 22 19 17 12 20 28 39 51 65 75 89 103 120.00000762939453 114 109 104.99999237060547 101 99 97 98 97 98 100 102 100 96 69 38 9
2613 2456 2299 2161 2023 1885 1750 1614 1589 1565 1543 1521 1501 1711 1921.9998779296875 2134 2348 2562 2579 2596 2616 2636 2659 2625 2593 2563 2535 2508 2247 1986 1723 1460 1198 931.00006103515625 665 400 172 -0 7 13 14 10 -0 11 17 19 23 27.000001907348633 23 20 19 17 13 21 27.000001907348633 37 49 63 75 88 102 119.00000762939453 114 110 105.99999237060547 104 102 101 98 95 93 91 90 89 90 73 39 9
2412 2236 2062 1946.9998779296875 1833 1720.0001220703125 1607 1495 1561 1628.0001220703125 1695.9998779296875 1764 1834 2012.0001220703125 2192 2372 2555 2738 2744 2751 2759 2769 2780 2725 2670 2618 2566 2517 2258 1996.9998779296875 1737.0001220703125 1476 1215 953 691 429 199 3 15.000000953674316 17 16 10 -0 10 16 19 20 23 20 19 18 17 13 20 27.000001907348633 36 48 61 73 87 103 119.00000762939453 115 112 109 107.00000762939453 105.99999237060547 107.00000762939453 100 94 89 84 78 80 79 70 37 9
2212 2017 1823 1733 1644 1554 1466 1378 1534 1691 1848 2007 2166 2314 2461 2611 2762 2913 2909 2905 2902 2901 2902 2823 2746 2671 2597 2524 2267 2009 1751 1491 1232 974 715 457.00003051757812 226 23 26 24 18 9 -0 9 15.000000953674316 17 19 20 19 18 18 16 14 19 26 36 46 60.000003814697266 73 86 102 119.00000762939453 117.99999237060547 114 113 111 110 112 102 94 86 79 70 73 77 63 33 7
2011 1798 1585 1519 1454 1388 1324 1261 1507 1754.0001220703125 2001 2250 2499 2615 2731 2850 2969 3089 3073 3058 3046 3034 3024 2923 2823 2725 2628 2533 2277 2020.9998779296875 1764 1506 1247 993.99993896484375 740 485 255 51 43 33 22 9 -0 6 12 14 15.000000953674316 16 16 16 15.000000953674316 15.000000953674316 12 19 25 34 45 58.999996185302734 71 86 101 120.00000762939453 124 119.00000762939453 116 115 116 116.99999237060547 105.99999237060547 95 84 74 64 67 68 48 25 5
1984 1837.0001220703125 1691 1653.0001220703125 1616 1578 1542 1507 1737.0001220703125 1969 2200 2433 2667 2766 2867 2968 3071 3175 3149 3125 3103 3081 3062 2944 2827 2712 2599 2486 2235 1985 1733 1482 1229 985.99993896484375 743 496.99996948242187 276 79 64 47 30.000001907348633 12 -0 8 14 16 17 17 18 17 17 16 15.000000953674316 20 26 34 45 57 70 84 98 111 122 119.00000762939453 117.99999237060547 117.99999237060547 120.00000762939453 122 111 101 92 85 77 75 67 44 23 4
1957 1877 1798 1787.0001220703125 1778.0001220703125 1768 1760 1753.0001220703125 1968 2183 2399 2616 2835 2918 3002 3086 3173 3261 3225.999755859375 3192 3160 3129 3100 2965 2832 2700 2568 2438 2194 1949 1704.0001220703125 1457 1211 979 746 510 298 111 87 64 40 16 -0 9 15.000000953674316 17 17 17 17 18 18 18 16 21 27.000001907348633 35 45 56 69 82 96 109 120.00000762939453 119.00000762939453 119.00000762939453 121 124 128 116.99999237060547 108.00000762939453 101 96 81 68 55 37 21 4
1929.9998779296875 1918 1904.9998779296875 1923 1940 1959 1978.0001220703125 1998 2198 2397 2599 2800 3003 3069 3136 3205 3275 3346 3302 3258.000244140625 3216.999755859375 3176 3138 2986 2836 2687 2539 2391 2153 1912.9998779296875 1674 1434 1192 971 748 525 323 145 113 82 51 20 -0 8 15.000000953674316 17 17 16 17 18 19 18 17 22 28 35 45 56 69 82 96 109 120.00000762939453 119.00000762939453 121 124 129 134 124 114 107.00000762939453 101 75 62 48 34 19 4
1904.0001220703125 1957 2012.0001220703125 2057 2102 2149 2196 2244 2428 2612 2797 2984 3171 3221 3271 3324.000244140625 3377 3431.000244140625 3377 3324.000244140625 3273 3224.000244140625 3175 3007 2839 2673 2508 2343 2111 1878.0001220703125 1644 1410 1174 964.00006103515625 753 540 348 179 140 102 64 26 -0 9 15.000000953674316 17 17 15.000000953674316 17 18 18 19 19 24 29 36 45 55 68 83 97 113 119.00000762939453 120.00000762939453 123 128 134 141 131 122 113 104 75 58.999996185302734 45 31 18 4
1877 1996.9998779296875 2118 2191 2264 2339 2414 2490 2658 2827 2996 3168 3339 3372 3407 3441 3478 3516.999755859375 3452 3391 3329 3271 3213 3027 2843 2660 2478 2296 2070 1843 1616 1387 1157 958 758 555 374 215.00001525878906 168 122 78 33 -0 9 15.000000953674316 16 16 14 17 18 18 19 20 25 30.000001907348633 37 45 55 69 83 99 114 114 120.00000762939453 126 132 140 148 139 129 120.00000762939453 107.00000762939453 75 58.999996185302734 43 29 16 3
2143 2256 2370 2413 2458 2504 2550 2598 2755 2913 3072 3232 3393.999755859375 3416 3438 3463 3489 3515.000244140625 3429 3343.999755859375 3261 3178 3098 2896 2696 2496 2299 2101 1896.9998779296875 1693 1487 1281 1074 891 707 521 355 210.99998474121094 164 119.00000762939453 75 32 -0 9 16 17 16 15.000000953674316 17 18 20 20 22 25 31 38 46 56 71 86 101 116 116.99999237060547 122 128 136 144 153 148 140 133 116 85 68 52 38 24 9
2408 2514 2620 2635 2652 2669 2686 2705 2851 3000 3148 3297 3448 3459 3471 3484 3498 3514 3405 3297 3190 3086 2982 2765 2548 2333 2119 1906 1724 1542 1359 1176 989.99993896484375 825 657 486 336 207 161 116 72 31 -0 10 16 18 17 15.000000953674316 18 19 20 21 23 27.000001907348633 32 39 47 56 72 90 105.99999237060547 119.00000762939453 120.00000762939453 125 132 140 149 160 160 152 140 116.99999237060547 93 77 62 47 32 17
2674 2772 2871 2858 2846 2834 2823 2813 2950 3086 3224.000244140625 3363 3502 3502 3503 3505 3508.000244140625 3512 3381.000244140625 3250 3121 2993 2868 2633 2401 2170 1940 1711 1552 1393 1233 1071 909 759 608 454 319 203 157 113 71 30.000001907348633 -0 9 16 17 17 15.000000953674316 18 19 21 22 24 29 34 41 48 58 75 94 114 122 122 129 136 144 155 168 164 152 138 121 102 88 73 58 43 27.000001907348633
2940 3031 3121 3080 3039 2999 2960 2920 3047 3173 3300 3428 3557 3546 3534.999755859375 3525.999755859375 3518 3512 3356.000244140625 3203 3051 2901 2752 2503 2253 2007 1761 1515 1380 1243 1106 968 827.00006103515625 696 561 423.99996948242187 301 197 152 110 69 31 -0 11 17 18 18 15.000000953674316 19 21 23 24 27.000001907348633 31 36 42 50 58.999996185302734 77 96 116 121 125 131 138 148 159 169 162 153 143 130 115 101 87 71 56 40
3205 3289 3373 3302 3232 3164 3096 3028 3144 3259 3375.999755859375 3493 3612 3589 3568 3547 3528 3509.999755859375 3332 3156 2982 2808 2637 2371 2106 1843 1581 1321 1208 1094 980 864.00006103515625 747 632 516 398 283 187 146 104.99999237060547 68 30.000001907348633 -0 11 18 19 20 17 20 23 25 27.000001907348633 30.000001907348633 34 39 44 52 60.000003814697266 79 99 117.99999237060547 122 127 133 141 152 166 169 163 157 150 142 131 117.99999237060547 102 87 70 54.000003814697266
3356.000244140625 3425.999755859375 3496 3438 3380 3324.000244140625 3266.999755859375 3212 3293.999755859375 3375.999755859375 3459.999755859375 3545 3631.000244140625 3586 3541.999755859375 3500.999755859375 3459 3418.999755859375 3257 3096 2936 2779 2622 2373 2125 1879.0001220703125 1635 1392 1273 1154 1034 912 789 673 554 436 315 209.99998474121094 160 116.99999237060547 75 34 -0 11 16 18 17 15.000000953674316 19 21 23 26 30.000001907348633 34 39 46 52.999996185302734 62 82 101 117.99999237060547 122 126 133 141 152 166 165 162 157 152 146 137 123 104.99999237060547 87 71 54.000003814697266
3505 3562 3620 3573 3527 3483.000244140625 3439 3395 3443.999755859375 3493.999755859375 3545 3597 3650 3583.000244140625 3516.999755859375 3453 3391 3329 3182 3036 2891 2750 2608 2375 2144 1915 1687.9998779296875 1462 1338 1214 1088 960.00006103515625 832 713 593 471.99996948242187 352 234.99998474121094 172 129 83 38 -0 11 17 17 17 15.000000953674316 18 20 23 27.000001907348633 30.000001907348633 34 40 47 54.000003814697266 64 85 108.00000762939453 117.99999237060547 121 125 132 141 152 165 165 163 160 157 156 148 135 109 88 70 55
3656.000244140625 3700 3745 3709.999755859375 3675.999755859375 3641.999755859375 3609 3578 3595 3612 3629 3648 3668 3580 3493 3406.000244140625 3322 3238 3107 2977 2848 2720 2594 2378 2164 1952 1742 1534 1404 1274 1142 1009 874 753 631 508 385 261 191 143 93 43 -0 11 16 18 17 13 18 20 22 26 30.000001907348633 36 41 48 56 65 86 108.00000762939453 114 117.99999237060547 124 131 139 150 163 167 167 165 162 157 146 137 111 89 71 55
3806.000244140625 3837 3868 3846 3824.000244140625 3800.999755859375 3781.000244140625 3761 3745 3729 3714 3700.999755859375 3687 3577 3468.999755859375 3361 3254 3148 3032 2918 2804 2691 2582 2381 2183 1987.9998779296875 1795.0001220703125 1604.0001220703125 1469 1333 1197 1057 916 793 669 544 417 290 214.00001525878906 159 105.99999237060547 50 -0 12 17 17 16 13 18 20 23 27.000001907348633 32 36 43 49 58 66 86 108.00000762939453 112 116.99999237060547 122 129 137 147 156 160 161 159 155 150 143 136 109 88 70 55
3957 3974.000244140625 3991.999755859375 3981.000244140625 3971 3961 3952 3945 3896 3847 3799.000244140625 3752 3707 3575 3445 3314 3187 3059 2958 2859 2760 2664 2569 2385 2204 2024 1849 1674 1534 1393 1250 1105 958 833 705 578 448 319 238.00001525878906 179 119.00000762939453 58 -0 13 18 18 17 13 17 20 23 27.000001907348633 32 37 44 51 58.999996185302734 67 87 107.00000762939453 111 115 121 128 136 145 154 157 158 157 152 147 143 131 104.99999237060547 85 68 54.000003814697266
3975 3987 4000 3974.000244140625 3949.000244140625 3925.999755859375 3902 3879 3824.000244140625 3770 3718 3666 3615.000244140625 3491.999755859375 3372 3252 3135 3017 2919 2823 2727 2634 2541 2366 2194 2023 1856 1691 1555 1417 1279 1138 993.99993896484375 852.00006103515625 710 566 421 277 205 154 101 48 -0 12 17 18 17 14 18 20 24 28 33 39 45 52 61 69 88 107.00000762939453 110 114 119.00000762939453 126 134 146 153 152 152 153 149 144 136 116.99999237060547 98 81 66 52.999996185302734
3991.999755859375 4000 4007 3966.999755859375 3928 3890.000244140625 3852 3815.000244140625 3754 3695 3636 3579 3522 3411 3300 3191 3083 2975 2881 2788 2695 2604 2514 2348 2184 2023 1864 1708 1576 1443 1308 1170 1029 872.99993896484375 713 554 393 234.99998474121094 174 130 85 39 -0 12 16 17 17 14 18 21 25 30.000001907348633 35 40 47 55 63 71 91 107.00000762939453 109 113 117.99999237060547 124 132 140 148 147 145 142 137 130 119.00000762939453 104.99999237060547 90 75 62 51
4009.999755859375 4012 4015.000244140625 3959.999755859375 3907 3853 3802 3750 3684 3618.999755859375 3555 3491.999755859375 3430 3329 3228 3129 3031 2935 2843 2751 2662 2574 2488 2331 2176 2023 1873 1726 1596 1467 1337 1203 1066 891 716 539 362 198 151 110 70 32 -0 11 16 18 17 15.000000953674316 19 23 25 30.000001907348633 36 42 49 57 66 75 98 108.00000762939453 109 112 116.99999237060547 123 129 136 144 146 142 136 129 120.00000762939453 109 96 83 70 58.999996185302734 48
4029 4025 4022 3953 3884.999755859375 3818 3752 3686 3614 3543 3474.000244140625 3405 3337 3246 3157 3068 2980 2894 2805 2717 2631 2545 2461 2314 2168 2024 1883 1745.0001220703125 1618 1493 1365 1234 1100 910.00006103515625 718 525 333 160 124 90 57 24 -0 10 16 18 18 15.000000953674316 20 24 27.000001907348633 32 38 44 51 58.999996185302734 68 78 99 104 107.00000762939453 112 116.99999237060547 122 128 133 138 142 141 133 124 113 101 89 77 66 55 46
4047 4038 4030 3947 3864 3783.000244140625 3700.999755859375 3621 3543.999755859375 3468.999755859375 3393 3318.999755859375 3246 3165 3085 3007 2929 2853 2767 2682 2599 2517 2436 2298 2161 2027 1894 1764 1641 1518 1393 1265 1134 929 719 508 308 127 96 68 41 17 -0 10 15.000000953674316 18 18 17 21 25 29 34 39 46 52.999996185302734 61 71 81 99 102 105.99999237060547 111 116.99999237060547 123 127 131 134 136 138 134 122 109 96 84 72 62 52 44
3961 3925 3890.000244140625 3772 3656.000244140625 3541 3425 3311 3246 3180 3116 3053 2991 2929 2869 2811 2752 2696 2612 2530 2448 2368 2289 2169 2051 1934 1820.0001220703125 1707 1596 1485 1374 1258 1140 937 731 523 329 155 120.00000762939453 87 55 25 -0 11 16 18 18 16 20 23 27.000001907348633 30.000001907348633 36 43 52 62 73 88 100 102 105.99999237060547 111 117.99999237060547 126 130 132 132 132 133 132 123 104.99999237060547 91 79 68 58 50 42
3874.000244140625 3811 3750 3599.000244140625 3448 3298 3149 3002 2946 2892 2839 2786 2735 2694 2654 2615 2577 2540 2458 2378 2298 2221 2144 2042 1941 1843 1745.9998779296875 1651 1552 1454 1353 1252 1146 947 744 539 351 182 142 104 68 32 -0 12 17 18 17 16 19 21 25 28 33 41 50 61 74 89 95 100 104.99999237060547 112 121 127 127 130 131 130 129 128 117.99999237060547 100 86 74 64 55 48 41
