testcase/dijle/ghg_0_cm.asc
ncols        125
nrows        200
xllcorner    168000.000000000000
yllcorner    166500.000000000000
cellsize     20.000000000000
NODATA_value  -3.4028234663852886e+038
[rows 0 to 34 of 200, columns 0 to 77 of 125]
2981 2933 2884 2904 2924 2944 2964 2984 3051 3117 3184 3249.000244140625 3316 3280 3243.999755859375 3208.000244140625 3172 3136 3116 3096 3080 3066 3052 3038 3026 3013 3001 2988 2933 2878 2822 2767 2711 2612 2513 2415 2316 2217 2162 2107 2057 2012.0001220703125 1968 1934 1900 1865 1829.9998779296875 1795.9998779296875 1704.9998779296875 1615 1524 1434 1344 1319 1294 1269 1244 1220 1187 1156 1123 1091 1059 1001 942 882 824 765 710 655 601 546 491 451.00003051757812 410 369 0 0
3017 2977 2936 2969 3003 3036 3070 3104 3163 3222 3279 3338 3397 3359 3318.999755859375 3280 3240.000244140625 3202 3186 3172 3158 3146 3134 3116 3098 3080 3063 3045 2975 2904 2834 2764 2693 2577 2462 2346 2231 2116 2063 2011 1962.0001220703125 1916 1870.9998779296875 1837.9998779296875 1804.9998779296875 1773 1740 1708 1603.0001220703125 1499 1395 1290 1186 1153 1120 1087 1054 1021 995 970 943.99993896484375 918 893 839.99993896484375 788 733 680 627 575 522 469 415 360 329 301 262 201 151
3051 3020 2989 3036 3082 3129 3176 3223 3274.000244140625 3325.999755859375 3377 3429 3480 3437 3395 3352 3309.999755859375 3268 3256.000244140625 3246 3234.999755859375 3227 3218 3194 3170 3148 3125 3102 3017 2931 2846 2761 2676 2544 2411 2279 2146 2015 1964 1912.9998779296875 1866 1819 1773 1742 1711 1681 1651 1620.9998779296875 1503 1384 1266 1147 1029 988 947 905 863 822 803 784 766 747 729 682 634 586 538 490 441 391 339 287 232 217 200 179 150 122
3103 3079 3056 3098 3140 3182 3224.000244140625 3268 3309 3349.000244140625 3390.000244140625 3431.000244140625 3473 3437 3403 3368 3334 3299.000244140625 3284.999755859375 3270 3256.000244140625 3243 3230 3202 3175 3148 3120 3094 3016 2938 2859 2782 2704 2584 2463 2343 2223 2103 2033 1962.0001220703125 1892 1825 1757 1708 1659 1611 1564 1517 1414 1312 1210 1109 1006.0000610351562 978 950 920 892 864.00006103515625 843 822 802.00006103515625 781 760 698 636 573 510 444.99996948242187 395 344 290 234.99998474121094 177 165 154 138 119.00000762939453 98
3155 3139 3123 3160 3198 3236 3275 3313 3343 3373 3403 3434 3466 3438 3411 3383.000244140625 3357 3330 3312 3293.999755859375 3277 3259.999755859375 3243 3211 3180 3148 3117 3086 3016 2944 2874 2803 2733 2624 2515 2407 2299 2192 2100 2010 1919 1829.9998779296875 1741 1674 1608 1542 1477 1412 1327 1240 1156 1070 985.00006103515625 968.99993896484375 954 937 922 907 884 860.99993896484375 839.00006103515625 816 794 717 639 561 483 404 352 300 245 187 128 120.00000762939453 114 104 91 76
3206.000244140625 3198 3191 3223 3256.000244140625 3290.000244140625 3324.000244140625 3357 3378 3398 3418 3438 3458.000244140625 3439 3418.999755859375 3400 3381.000244140625 3362 3340.000244140625 3318 3297 3277 3256.000244140625 3220 3185 3150 3114 3080 3015 2952 2888 2825 2761 2665 2568 2471 2376 2280 2168 2056 1945.0001220703125 1835 1725 1641 1557 1473 1391 1308 1239 1170 1102 1033 964.00006103515625 962 958 956.00006103515625 953 950 926 902.00006103515625 878 854 828 737 644 551 458 363 311 257 201 143 84 81 81 75 66 55
3257 3258.000244140625 3258.000244140625 3286 3315.000244140625 3343.999755859375 3374.000244140625 3403 3412 3422 3432 3441 3452 3440.000244140625 3428 3416 3405 3393.999755859375 3368 3343 3318 3293.999755859375 3268.999755859375 3230 3190 3151 3112 3072 3016 2959 2903 2846 2791 2706 2621 2536 2453 2369 2235 2103 1971.9998779296875 1840 1710 1608 1507 1406 1306 1205 1152 1100 1048 997 945 954 964.00006103515625 975 985.00006103515625 995 970 943.99993896484375 917 891 864.99993896484375 758 651 543 435 325 272 217 161 101 47 52 54.000003814697266 51 46 38
3309 3316.999755859375 3325 3349.000244140625 3373 3399.000244140625 3423 3448 3447 3447 3446 3446 3446 3441 3437 3432 3429 3425 3396 3366.999755859375 3339 3311 3283.000244140625 3239 3195 3151 3108 3066 3016 2967 2917 2869 2819 2746 2673 2601 2528 2457 2304 2151 1996.9998779296875 1845.0001220703125 1694 1575 1456 1338 1219 1102 1066 1031 995 960.00006103515625 925 947.99993896484375 971 995 1018 1041 1014.0000610351562 987 958 930 902.00006103515625 781 659 536 413 288 234.99998474121094 181 124 67 19 29 33 32 29 25
3283.000244140625 3297 3309.999755859375 3334.999755859375 3359.999755859375 3387 3412 3439 3441 3441.999755859375 3445 3446 3449.000244140625 3441.999755859375 3434 3428 3421 3415.000244140625 3373 3332 3290.000244140625 3249.000244140625 3209 3144 3079 3015 2951 2888 2824 2760 2697 2634 2571 2506 2440 2376 2311 2246 2125 2003.0001220703125 1882 1761 1642 1563 1485 1408 1330 1253 1222 1193 1163 1134 1104 1098 1092 1086 1081 1076 1029 984 938 892 845 726 605 484 363 240.00001525878906 190 138 85 39 7 18 23 24 24 22
3258.000244140625 3275.999755859375 3295 3322 3347 3375 3402 3430 3434 3437 3441.999755859375 3447 3453 3441.999755859375 3432 3422 3413 3405 3349.000244140625 3296 3241 3188 3135 3049 2964 2879 2794 2710 2632 2554 2477 2400 2323 2265 2208 2150 2093 2036 1945.9998779296875 1856 1767 1678.0001220703125 1591 1552 1514 1477 1441 1405 1380 1355 1331 1308 1285 1249 1214 1180 1145 1111 1047 983 918.99993896484375 855 790 672 553 433 313 192 146 99 51 21 0 13 18 20 21 21
3231.000244140625 3256.000244140625 3280 3307 3334.999755859375 3363 3391 3420 3427 3433.000244140625 3441 3448 3456.000244140625 3443 3430 3416.999755859375 3406.000244140625 3393 3325.999755859375 3259.999755859375 3193 3127 3061 2954 2848 2743 2637 2531 2439 2348 2258 2167 2076 2025 1974 1925 1875 1826 1767 1710 1652 1596 1538 1541 1544 1548 1551 1556 1537 1519 1501 1482 1465 1401 1337 1273 1210 1147 1065 982 901 818.99993896484375 736 620 503.00003051757813 385 267 147 104.99999237060547 61 28 14 -0 11 16 18 20 22
3206.000244140625 3236 3265.000244140625 3293 3322 3352 3382 3412 3421 3430 3440.000244140625 3449.000244140625 3459.999755859375 3443 3428 3413 3397 3383.000244140625 3303 3224.000244140625 3145 3066 2987 2860 2733 2607 2479 2354 2248 2143 2037.9998779296875 1933 1829.0001220703125 1785 1742 1699 1657 1616 1589 1563 1537 1512 1487 1530 1575 1619 1662.9998779296875 1708 1695.9998779296875 1682 1670.0001220703125 1658 1646.9998779296875 1553 1460 1368 1276 1184 1084 984 884 784 684 569 453.00003051757813 338 221 103 65 28 13 8 -0 7 14 16 18 23
3180 3215.000244140625 3250 3280 3309 3340.000244140625 3371 3403 3414 3425.999755859375 3438 3450.999755859375 3464 3445 3427 3408.000244140625 3390.000244140625 3373 3280 3188 3097 3005 2914 2766 2618 2470 2323 2176 2057 1937.9998779296875 1818 1699 1581 1545 1510 1474 1439 1405 1410 1416 1423 1429 1436 1520 1604.9998779296875 1689 1775 1861 1853.0001220703125 1845.9998779296875 1840 1834 1828.0001220703125 1706 1584 1462 1342 1221 1104 985.99993896484375 868.99993896484375 751 633 520 407.00003051757813 292 177 61 25 8 5 0 -0 0 7 11 16 22
3131 3167 3204 3234.999755859375 3266.999755859375 3300 3332 3365.000244140625 3379 3393.999755859375 3409 3425 3441.999755859375 3425.999755859375 3411 3396 3382 3368.999755859375 3275 3182 3089 2997 2905 2777 2649 2521 2394 2268 2179 2091 2003.0001220703125 1916 1829.0001220703125 1799 1770.0001220703125 1741 1712.9998779296875 1685 1675 1667 1659 1651 1643 1662.0001220703125 1679.0001220703125 1698 1717 1736 1715 1694 1673 1653.0001220703125 1634 1514 1395 1276 1159 1042 928 814.99993896484375 701 587 473 386 298 208.99998474121094 119.00000762939453 28 14 14 12 8 -0 9 15.000000953674316 19 24 32
3081 3119 3159 3192 3225 3258.000244140625 3293 3327 3345 3363 3382 3400 3420 3408.000244140625 3396 3384.999755859375 3375 3364 3270 3176 3082 2988 2895 2788 2679 2572 2466 2359 2302 2245 2188 2132 2076 2053 2029.9998779296875 2008 1985 1964 1940 1918 1895.0001220703125 1873 1851 1802 1754.0001220703125 1706 1659 1612.0001220703125 1577 1542 1508 1474 1440 1323 1207 1090 976 862 752 643 534 425 315 254 192 128 64 12 14 15.000000953674316 14 11 0 13 18 24 32 41
3030 3072 3114 3148 3183 3218 3253 3289 3309.999755859375 3331.000244140625 3353 3375 3398 3390.000244140625 3382 3374.000244140625 3366.999755859375 3359.999755859375 3265.000244140625 3169 3074 2980 2886 2799 2710 2624 2537 2450 2424 2399 2374 2350 2325 2308 2291 2275 2259 2243 2206 2168 2132 2095 2060 1944 1829.9998779296875 1715 1602 1490 1439 1391 1341 1294 1247 1132 1018.9999389648437 906.00006103515625 794 683 577 471.99996948242187 369 266 160 126 89 58.999996185302734 32 12 14 16 16 13 4 16 22 31 40 52
2980 3024 3069 3103 3140 3177 3214 3250.999755859375 3275.999755859375 3300 3325 3350.999755859375 3375.999755859375 3372 3366.999755859375 3363 3359 3355 3259 3163 3068 2972 2877 2810 2742 2675 2609 2542 2547 2553 2560 2566 2573 2562 2552 2542 2532 2522 2471 2420 2368 2318 2267 2086 1904.9998779296875 1725 1546 1366 1302 1239 1176 1114 1053 942 831.00006103515625 721 611 503.00003051757813 402 303 205 111 12 18 18 20 15.000000953674316 10 13 15.000000953674316 15.000000953674316 14 8 17 27.000001907348633 36 47 61
2929 2976 3023 3060 3097 3136 3175 3214 3241 3268.999755859375 3296 3325 3355 3353 3353 3350.999755859375 3350.999755859375 3352 3255 3157 3061 2964 2868 2821 2773 2727 2679 2634 2670 2707 2745 2783 2821 2816 2812 2809 2806 2803 2737 2671 2605 2540 2476 2228 1982 1734 1488 1243 1165 1087 1010.9999389648437 935.00006103515625 860.00006103515625 750 642 535 429 324 226 131 39 -0 -0 -0 -0 -0 -0 4 7 9 12 13 10 20 31 44 57 71
2855 2897 2939 2976 3015 3053 3092 3131 3167 3202 3238 3274.000244140625 3311 3315.000244140625 3318.999755859375 3323 3329 3334 3258.000244140625 3184 3109 3035 2961 2916 2873 2829 2785 2743 2764 2786 2808 2831 2853 2848 2842 2836 2831 2827 2739 2653 2566 2480 2394 2191 1987.0001220703125 1784 1582 1380 1298 1215 1135 1054 975 847.99993896484375 721 596 471.99996948242187 349 249 149 52 -0 -0 -0 2 7 11 12 14 15.000000953674316 17 17 16 28 40 52.999996185302734 65 79
2779 2817 2854 2892 2931 2969 3009 3049 3091 3135 3179 3224.000244140625 3268 3277 3286 3296 3306.000244140625 3316 3263 3209.999755859375 3157 3106 3054 3013 2972 2932 2891 2852 2858 2864 2871 2879 2886 2878 2870 2864 2857 2850 2742 2635 2527 2420 2312 2153 1993 1834 1675 1517 1430 1344 1258 1173 1089 943.99993896484375 800 658 516 375 270 167 66 3 -0 0 10 14 15.000000953674316 14 16 19 20 22 23 37 50 64 77 90
2703 2736 2771 2809 2847 2887 2926 2966 3017 3068 3121 3173 3225 3239 3253 3268 3282 3298 3266.999755859375 3236 3206.000244140625 3177 3147 3109 3072 3035 2997 2961 2952 2943 2935 2927 2919 2910 2900 2891 2882 2875 2746 2617 2488 2360 2232 2116 2000 1884 1769 1654.0001220703125 1563 1472 1381 1293 1204 1041 879 718 558 399 291 185 79 11 -0 3 13 16 16 13 17 20 23 28 35 48 63 78 93 103
2627 2656 2686 2725 2764 2803 2844 2884 2943 3002 3061 3122 3182 3200 3220 3239 3259.999755859375 3280 3271 3263 3255 3247 3240.000244140625 3206.000244140625 3171 3137 3103 3070 3046 3022 2998 2974 2952 2940 2929 2919 2909 2898 2749 2599 2449 2300 2151 2079 2006 1935 1862.9998779296875 1792 1695.0001220703125 1601 1505 1412 1318 1138 958 780 602 423.99996948242187 312 201 92 17 -0 5 14 16 15.000000953674316 11 17 22 28 36 46 60.000003814697266 77 97 116.99999237060547 122
2552 2576 2602 2641 2680 2720 2760 2802 2868 2936 3002 3071 3139 3163 3187 3211 3237 3262 3275.999755859375 3290.000244140625 3303 3318 3333.000244140625 3302 3271 3240.000244140625 3209.999755859375 3180 3141 3101 3062 3023 2985 2971 2959 2947 2935 2923 2752 2582 2410 2241 2070 2042 2012.9998779296875 1985 1957 1929.9998779296875 1829.0001220703125 1729.9998779296875 1629.9998779296875 1531 1434 1235 1038 841 644 448 332 217 107.00000762939453 30.000001907348633 -0 8 14 15.000000953674316 13 8 15.000000953674316 23 32 45 58.999996185302734 73 92 116 125 122
2487 2520 2551 2601 2651 2701 2751 2802 2867 2932 2997 3064 3130 3156 3182 3208.000244140625 3234 3261 3266 3270 3275 3282 3287 3249.000244140625 3209.999755859375 3172 3135 3098 3066 3036 3005 2976 2947 2929 2911 2894 2877 2861 2713 2566 2419 2273 2127 2077 2027 1978.0001220703125 1929.0001220703125 1879.9998779296875 1771.9998779296875 1664 1557 1451 1346 1151 959 766 574 382 277 171 84 27.000001907348633 -0 8 14 16 15.000000953674316 11 19 27.000001907348633 37 49 63 79 97 120.00000762939453 121 117.99999237060547
2424 2462 2502 2561 2621 2682 2741 2803 2866 2929 2993 3057 3122 3148 3176 3203 3231.000244140625 3259.999755859375 3256.000244140625 3250.999755859375 3248 3243.999755859375 3241.999755859375 3196 3149 3104 3060 3015 2993 2971 2950 2929 2909 2886 2864 2841 2819 2798 2675 2551 2428 2305 2183 2111 2041 1970.0001220703125 1900 1831 1715 1599 1484 1370 1257 1068 880 692 504 316 223 130 61 20 -0 7 15.000000953674316 17 17 14 22 31 41 52.999996185302734 67 82 99 120.00000762939453 124 115
2359 2405 2451 2521 2591 2661 2733 2805 2865 2926 2988 3050 3113 3141 3169 3199 3229 3259.999755859375 3246 3232 3220 3208.000244140625 3196 3142 3090 3037 2984 2932 2920 2907 2895 2882 2870 2843 2815 2789 2763 2737 2637 2537 2437 2338 2239 2147 2055 1964 1871.9998779296875 1782 1658 1534 1412 1291 1170 985.99993896484375 801 618 434 251 170 91 39 13 -0 8 15.000000953674316 17 18 17 26 35 47 58.999996185302734 73 87 100 113 121 111
2295 2347 2402 2481 2561 2642 2724 2806 2864 2923 2983 3043 3104 3134 3164 3195 3227 3259 3236 3213 3192 3170 3150 3089 3029 2969 2909 2851 2846 2842 2839 2836 2833 2801 2769 2737 2706 2675 2598 2523 2446 2372 2296 2183 2071 1958 1845.0001220703125 1733 1601 1471 1341 1211 1082 903 723 544 365 185 117.99999237060547 54.000003814697266 21 9 -0 8 15.000000953674316 18 20 21 31 41 52.999996185302734 65 80 96 105.99999237060547 112 117.99999237060547 111
2230 2291 2351 2441 2532 2623 2715 2807 2864 2920 2979 3036 3096 3127 3159 3192 3224.000244140625 3258.000244140625 3225.999755859375 3195 3164 3134 3105 3036 2969 2902 2835 2769 2774 2778 2784 2789 2796 2759 2722 2685 2649 2613 2561 2508 2456 2405 2353 2219 2085 1951 1817 1684 1545 1407 1269 1133 996 821 646 471 295 120.00000762939453 63 24 13 6 -0 8 15.000000953674316 20 24 27.000001907348633 37 48 58.999996185302734 73 89 112 116.99999237060547 116 114 104
2139 2205 2272 2366 2462 2556 2653 2749 2806 2863 2921 2979 3037 3059 3081 3104 3127 3151 3110 3070 3030 2991 2953 2896 2839 2784 2729 2674 2672 2669 2668 2666 2665 2646 2628 2610 2592 2575 2511 2448 2385 2322 2260 2129 2000 1869 1739 1609 1471 1334 1197 1061 925 757 588 419.99996948242187 251 82 36 17 14 9 -0 10 16 20 23 27.000001907348633 38 50 62 77 93 114 108.00000762939453 102 94 84
2049 2120 2193 2292 2390 2490 2591 2691 2748 2805 2862 2921 2980 2992 3003 3016 3030 3044 2994 2945 2896 2848 2800 2755 2711 2666 2623 2580 2570 2560 2551 2542 2533 2533 2534 2534 2535 2536 2462 2388 2315 2241 2167 2041 1914 1787.0001220703125 1661 1535 1398 1262 1125 989.99993896484375 855 693 531 369 208 44 20 17 15.000000953674316 11 -0 13 17 21 25 29 41 54.000003814697266 66 80 96 112 101 90 80 71
1957 2036 2114 2218 2320 2424 2529 2634 2690 2747 2805 2863 2921 2923 2926 2929 2933 2938 2879 2820 2762 2706 2649 2615 2582 2550 2517 2485 2468 2452 2434 2418 2403 2421 2440 2459 2479 2498 2413 2329 2244 2160 2076 1953.0001220703125 1829.9998779296875 1707 1584 1462 1325 1189 1055 918.99993896484375 785 629 473.99996948242187 319 165 13 10 15.000000953674316 15.000000953674316 12 3 15.000000953674316 19 24 28 32 45 58.999996185302734 73 87 101 110 95 81 71 60.000003814697266
1866 1950 2035 2142 2250 2358 2467 2576 2633 2690 2747 2805 2864 2856 2849 2843 2837 2831 2763 2696 2629 2563 2496 2475 2453 2432 2412 2392 2367 2343 2319 2295 2272 2309 2347 2385 2422 2460 2365 2269 2174 2079 1984 1864 1745.0001220703125 1626 1506 1388 1253 1118 983 849 715 565 415 267 120.00000762939453 -0 9 14 15.000000953674316 14 8 17 23 29 33 38 52.999996185302734 68 82 95 111 109 88 73 61 51
1775 1866 1957 2068 2180 2293 2405 2519 2575 2632 2689 2747 2806 2788 2771 2756 2740 2725 2648 2571 2495 2419 2345 2334 2325 2315 2307 2298 2266 2235 2203 2173 2142 2198 2254 2310 2367 2423 2317 2211 2104 1999 1893 1777 1662.0001220703125 1545 1430 1315 1181 1046 913 778 645 502 358 213.00001525878906 85 -0 4 10 14 14 12 21 28 36 42 48 65 80 94 102 112 96 79 64 52.999996185302734 43
1737.0001220703125 1842 1949 2061 2174 2287 2401 2515 2555 2595 2636 2678 2720 2690 2663 2634 2608 2580 2493 2406 2320 2234 2148 2118 2089 2061 2033 2006 2012.9998779296875 2020.9998779296875 2029.0001220703125 2039 2048 2102 2156 2212 2267 2323 2215 2109 2003.0001220703125 1896.9998779296875 1791 1684 1576 1470 1363 1257 1119 980 841 702 564 434 305 175 69 -0 8 14 17 17 17 26 35 44 52.999996185302734 60.000003814697266 81 96 113 113 108.00000762939453 87 71 58 47 38
1699 1820.9998779296875 1940 2054 2167 2282 2397 2511 2535 2559 2583 2608 2634 2593 2553 2514 2475 2436 2338 2241 2144 2048 1952 1903.0001220703125 1854.9998779296875 1807 1760 1714 1760 1808 1857 1904.0001220703125 1953.0001220703125 2007 2060 2114 2168 2222 2115 2009 1902 1795.0001220703125 1690 1591 1493 1395 1297 1200 1057 914.00006103515625 770 627 483 367 251 138 54.000003814697266 -0 9 16 19 20 22 33 44 56 68 79 107.00000762939453 113 114 101 92 77 63 51 42 34
