testcase/dijle/ghg_0_cm.asc
ncols        125
nrows        200
xllcorner    168000.000000000000
yllcorner    166500.000000000000
cellsize     20.000000000000
NODATA_value  -3.4028234663852886e+038
[rows 105 to 139 of 200, columns 0 to 77 of 125]
3788 3699.000244140625 3609.999755859375 3425 3240.000244140625 3056 2874 2692 2648 2604 2562 2520 2480 2458 2438 2419 2400 2385 2304 2226 2149 2072 1998 1914 1832 1751 1671.9998779296875 1595 1509 1422 1335 1244 1153 956.00006103515625 757 556 372 207 165 122 81 40 -0 13 16 18 17 15.000000953674316 18 20 22 25 29 38 49 60.000003814697266 73 89 94 99 104 110 116.99999237060547 123 123 124 127 127 128 121 105.99999237060547 92 80 70 61 52.999996185302734 46 40
3702 3586 3468.999755859375 3250 3032 2815 2599 2383 2350 2317 2285 2255 2224 2223 2222 2223 2225 2228 2150 2074 1998 1925 1853.0001220703125 1786 1723 1660 1598 1539 1465 1392 1316 1239 1160 968 772 575 394 233 186 140 94 48 1 13 17 18 17 14 17 19 21 23 26 35 46 58.999996185302734 72 88 93 99 104 110 115 120.00000762939453 120.00000762939453 116 115 115 116 104.99999237060547 95 84 74 66 58 51 45 39
3616 3473 3329 3077 2825 2574 2323 2074 2051 2029.9998779296875 2008 1989 1970.0001220703125 1987.9998779296875 2007 2028.0001220703125 2049 2072 1995.9998779296875 1921.9998779296875 1849 1777 1707 1660 1612.9998779296875 1569 1525 1483 1422 1361 1299 1235 1168 979 787 593 417 259 208.99998474121094 159 108.00000762939453 57 5 16 18 18 15.000000953674316 12 15.000000953674316 16 18 20 22 32 43 57 71 88 93 100 105.99999237060547 112 114 115 113 108.00000762939453 104 102 99 92 85 77 69 62 55 50 45 40
3641 3503 3366.999755859375 3131 2895 2661 2427 2195 2146 2099 2052 2006 1960 1961 1964 1967 1970.9998779296875 1977 1904.0001220703125 1834 1762.9998779296875 1695.0001220703125 1629.0001220703125 1566 1503 1443 1383 1324 1270 1215 1158 1100 1040 867 692 514 355 213.00001525878906 172 130 88 45 1 13 17 19 19 17 19 20 21 22 24 33 44 56 70 86 92 101 105.99999237060547 105.99999237060547 103 102 98 94 90 86 81 76 69 63 56 51 46 41 36 33
3664 3534 3404 3186 2967 2749 2532 2316 2242 2168 2094 2023 1952 1935 1920.0001220703125 1904.9998779296875 1892 1881 1812.0001220703125 1744 1679.0001220703125 1614 1551 1472 1393 1317 1242 1167 1118 1069 1018.9999389648437 966 913 756 597 436 293 168 136 102 68 33 -0 13 18 20 22 22 24 24 24 25 25 34 44 56 68 84 90 99 102 98 93 89 85 81 76 71 67 61 57 51 46 41 37 33 30.000001907348633 26
3688 3565.000244140625 3443 3239 3038 2837 2637 2438 2337 2237 2138 2040 1943 1909 1876 1844 1814 1784 1719 1656 1593 1533 1473 1378 1284 1191 1099 1009 967 922.99993896484375 880 834 786 646 503.00003051757813 358 233 125 100 75 50 24 -0 13 18 23 26 30.000001907348633 29 28 28 27.000001907348633 27.000001907348633 35 43 54.000003814697266 66 80 85 90 95 89 84 80 74 69 64 58.999996185302734 54.000003814697266 49 45 40 35 31 29 26 24 21
3712 3595 3480 3293.999755859375 3109 2926 2742 2560 2433 2307 2182 2058 1935 1883 1834 1784 1736 1689 1628.0001220703125 1567 1508 1450 1395 1284 1174 1066 958 852.00006103515625 816 779 742 703 661 537 410 283 172 82 66 50 34 17 -0 12 19 25 32 39 36 34 32 30.000001907348633 28 35 44 52 62 75 80 86 90 83 76 70 65 58.999996185302734 52.999996185302734 48 43 38 34 29 27.000001907348633 23 21 19 18 17
3734.999755859375 3627 3518 3349.000244140625 3181 3013 2847 2681 2529 2377 2225 2076 1927 1858 1790 1724 1658 1594 1536 1479 1423 1369 1317 1190 1064 939.00006103515625 817 695 666 636 605 572 536 429 319 206 113 40 33 25 18 9 -0 12 21 29 39 48 45 41 37 34 30.000001907348633 37 44 50 57 64 75 84 85 76 70 63 56 50 44 38 33 29 24 21 18 16 14 13 12 11
3697 3591.999755859375 3489 3338 3188 3039 2890 2743 2611 2481 2352 2223 2096 2029.9998779296875 1964 1901 1837.0001220703125 1776 1717 1659 1603.0001220703125 1549 1496 1369 1244 1120 999 878 837 794 750 703 654 528 400 271 159 66 54.000003814697266 41 27.000001907348633 13 -0 11 20 28 38 48 44 40 36 32 29 35 41 48 54.000003814697266 61 72 84 81 76 70 63 57 51 45 40 36 31 28 24 22 20 19 18 17 17
3658.000244140625 3559 3459.999755859375 3327 3195 3064 2933 2804 2694 2585 2478 2371 2266 2202 2139 2078 2018 1959 1899 1841 1784 1728.0001220703125 1675 1549 1424 1302 1182 1063 1009 953 896 835.99993896484375 773 629 483 335 205 94 75 55 36 16 -0 11 20 28 37 47 43 39 35 32 28 34 41 47 52.999996185302734 58.999996185302734 71 83 82 77 72 66 58.999996185302734 54.000003814697266 48 43 38 34 31 29 26 24 24 23 22 21
3622 3525.999755859375 3432 3316 3202 3089 2977 2865 2778 2690 2604 2520 2435 2375 2314 2256 2198 2142 2082 2021.9998779296875 1965 1910 1854.9998779296875 1729.9998779296875 1606 1484 1366 1248 1182 1114 1043 968.99993896484375 893 731 566 401.00003051757812 252 122 96 71 45 19 -0 10 19 28 37 48 43 39 36 32 28 34 41 48 52.999996185302734 60.000003814697266 71 84 87 82 75 69 63 57 51 46 42 38 36 33 31 29 28 27.000001907348633 27.000001907348633 26
3587 3495 3403 3307 3211 3115 3020 2927 2861 2796 2731 2668 2606 2547 2490 2434 2379 2325 2264 2205 2147 2091 2036 1910 1787.9998779296875 1668 1551 1435 1356 1276 1191 1104 1013 832 650 466 299 150 116.99999237060547 85 52.999996185302734 22 -0 9 18 27.000001907348633 37 48 44 40 37 33 29 37 43 49 55 61 72 82 89 88 80 74 67 62 56 51 47 44 40 38 36 35 34 33 32 32
3550.999755859375 3464 3375.999755859375 3297 3218.999755859375 3141 3065 2989 2944 2901 2858 2817 2776 2721 2666 2613 2560 2509 2448 2387 2330 2273 2217 2093 1973 1854.0001220703125 1737.9998779296875 1624 1533 1438 1339 1238 1133 934 734 532 346 178 139 101 62 25 -0 8 17 27.000001907348633 38 50 46 42 39 35 31 39 46 52.999996185302734 58.999996185302734 65 76 84 90 93 85 78 72 66 61 56 52 49 46 44 42 41 40 40 39 39
3474.000244140625 3383.000244140625 3293 3209 3127 3046 2965 2886 2832 2780 2728 2677 2627 2586 2547 2509 2472 2436 2395 2355 2315 2279 2244 2141 2040 1943 1848 1754.0001220703125 1646.9998779296875 1536 1422 1304 1184 976 767 555 360 181 142 103 65 27.000001907348633 -0 10 19 28 38 49 45 43 39 36 33 41 49 58 64 71 82 88 94 97 88 81 74 68 62 57 52.999996185302734 49 46 44 42 41 40 39 39 39
3396 3302 3209 3122 3036 2950 2866 2783 2720 2658 2597 2537 2477 2452 2429 2406 2385 2364 2342 2322 2303 2286 2271 2190 2110 2033 1959 1886 1762.9998779296875 1636 1505 1371 1235 1017 799 578 372 183 144 104.99999237060547 67 29 -0 11 20 28 38 49 46 43 41 37 35 45 54.000003814697266 64 71 81 93 93 95 96 90 85 78 70 64 58 54.000003814697266 50 47 45 43 42 41 40 40 40
3316.999755859375 3221 3127 3035 2945 2856 2768 2680 2608 2537 2467 2397 2329 2319 2311 2304 2298 2293 2291 2290 2292 2295 2301 2239 2181 2126 2072 2017 1878.0001220703125 1734 1588 1437 1285 1059 832 602 386 186 145 105.99999237060547 68 30.000001907348633 -0 12 21 30.000001907348633 39 49 47 46 44 42 39 49 60.000003814697266 72 79 84 91 91 93 95 94 91 83 73 66 60.000003814697266 56 52 49 46 45 43 42 42 42 42
3239 3141 3043 2949 2854 2761 2669 2578 2497 2416 2337 2259 2180 2187 2194 2202 2211 2223 2241 2261 2281 2305 2331 2291 2254 2219 2184 2150 1993 1832 1669 1504 1336 1101 866 628 401.00003051757812 187 146 107.00000762939453 69 32 -0 13 23 31 40 50 50 49 48 46 43 55 67 73 76 81 89 89 90 93 93 91 82 74 68 63 58 54.000003814697266 51 49 47 46 45 45 45 45
3161 3060 2961 2862 2764 2668 2572 2476 2386 2296 2208 2121 2034 2055 2078 2101 2127 2153 2191 2231 2272 2317 2363 2344 2327 2313 2298 2280 2107 1931 1751 1571 1387 1144 900 655 414 183 145 107.00000762939453 70 34 -0 16 26 34 43 52 52.999996185302734 54.000003814697266 52.999996185302734 52 52 58.999996185302734 65 68 72 78 87 87 88 89 90 89 82 76 70 65 61 57 54.000003814697266 52 50 49 49 49 49 50
3104 3010 2916 2825 2737 2648 2560 2474 2390 2307 2224 2142 2062 2061 2061 2063 2065 2069 2117 2167 2219 2273 2331 2311 2295 2278 2262 2242 2084 1921.9998779296875 1758 1593 1426 1195 963 730 496.99996948242187 275 214.00001525878906 157 103 49 -0 13 21 29 36 44 48 54.000003814697266 60.000003814697266 57 52 54.000003814697266 58 63 68 75 85 85 86 88 90 89 83 78 73 69 65 61 58 56 54.000003814697266 52 50 48 47 46
3048 2958 2871 2789 2709 2629 2550 2473 2394 2317 2241 2165 2091 2067 2045.0001220703125 2024 2004.0001220703125 1986 2044 2104 2167 2231 2298 2280 2262 2245 2225 2204 2060 1914 1766 1616 1464 1245 1025 805 584 366 279 206 134 63 -0 11 18 24 30.000001907348633 36 44 56 56 50 44 48 52.999996185302734 58 65 73 83 84 85 86 89 87 84 81 78 74 70 66 63 60.000003814697266 58.999996185302734 55 51 48 46 44
2991 2907 2826 2753 2682 2611 2541 2471 2400 2328 2258 2189 2121 2075 2029.9998779296875 1987.0001220703125 1944 1904.0001220703125 1971.9998779296875 2043 2116 2190 2268 2249 2229 2210 2189 2165 2036 1904.9998779296875 1771.9998779296875 1637.0001220703125 1503 1295 1086 878 668 459 350 255 165 77 -0 9 17 20 24 27.000001907348633 38 48 45 42 39 43 48 54.000003814697266 61 70 81 86 84 85 88 88 87 86 85 82 75 71 67 66 65 58.999996185302734 54.000003814697266 50 46 43
2933 2857 2781 2717 2655 2593 2531 2471 2405 2340 2276 2214 2152 2083 2017 1950 1886 1823 1901 1982 2065 2150 2237 2218 2197 2175 2151 2127 2012.0001220703125 1895.9998779296875 1778.0001220703125 1660 1540 1344 1147 950 753 556 419.99996948242187 299 194 90 -0 8 14 17 17 19 33 38 35 34 34 38 44 50 57 66 75 84 82 82 84 84 85 86 87 87 80 76 73 71 71 64 58.999996185302734 52.999996185302734 47 43
2876 2806 2737 2682 2628 2576 2523 2472 2413 2354 2296 2239 2184 2093 2003.0001220703125 1915 1828.0001220703125 1744 1832 1924 2016 2112 2208 2186 2163 2139 2114 2086 1987.0001220703125 1886 1784 1681 1576 1392 1207 1021 835.99993896484375 650 492.99996948242187 348 222 101 -0 4 10 11 11 8 22 24 25 27.000001907348633 30.000001907348633 35 40 47 54.000003814697266 63 72 82 81 81 81 83 84 86 86 83 79 78 77 77 78 69 63 56 51 45
2697 2629 2563 2524 2486 2448 2412 2376 2323 2270 2218 2166 2117 2033 1949 1867 1787.0001220703125 1708 1794 1882 1971.9998779296875 2063 2154 2149 2143 2135 2126 2115 2019 1921.9998779296875 1824 1725 1625 1438 1251 1064 876 689 528 371 232 111 -0 8 14 15.000000953674316 14 14 22 22 24 25 28 31 37 42 49 56 66 75 74 73 73 76 77 77 73 71 70 68 68 70 71 62 54.000003814697266 46 40 33
2518 2453 2387 2365 2344 2322 2301 2282 2234 2187 2141 2096 2051 1971.9998779296875 1895.0001220703125 1820.0001220703125 1745.0001220703125 1674 1757 1841 1928.0001220703125 2014 2101 2111 2121 2130 2137 2143 2052 1958 1864 1769 1673 1485 1296 1106 916 727 561 395 249 121 -0 10 17 19 18 15.000000953674316 18 20 22 24 26 30.000001907348633 33 38 44 51 60.000003814697266 69 67 66 67 69 69 66 63 61 58.999996185302734 60.000003814697266 60.000003814697266 62 66 55 45 37 30.000001907348633 22
2340 2276 2214 2208 2202 2198 2193 2188 2147 2106 2065 2025 1987.0001220703125 1914 1844 1774 1707 1640 1720.0001220703125 1801 1883 1965 2045.9998779296875 2074 2099 2124 2148 2171 2083 1993 1904.0001220703125 1812.9998779296875 1721.9998779296875 1530 1338 1146 955 763 591 419.99996948242187 267 134 -0 14 21 25 25 16 18 20 21 23 25 27.000001907348633 31 35 39 46 54.000003814697266 64 61 60.000003814697266 58.999996185302734 62 58.999996185302734 56 52.999996185302734 51 51 51 52 55 60.000003814697266 47 37 28 21 15.000000953674316
2161 2100 2041 2052 2063 2073 2085 2096 2060 2025 1990 1956 1924 1857 1793 1729.9998779296875 1668 1608 1685 1761 1837.9998779296875 1914 1991 2034 2076 2118 2158 2198 2114 2028.0001220703125 1942 1856 1769 1574 1381 1187 993 798 622 446 288 148 5 20 30.000001907348633 36 28 14 17 19 20 22 24 25 27.000001907348633 30.000001907348633 35 41 48 58 55 52.999996185302734 52.999996185302734 54.000003814697266 51 48 45 43 42 42 44 48 55 40 28 20 14 7
1982 1926 1870.0001220703125 1896.9998779296875 1925 1952 1979.9998779296875 2006 1976 1946.9998779296875 1917 1890 1862.0001220703125 1802 1744 1687.0001220703125 1632 1577 1649 1720.9998779296875 1792 1862.9998779296875 1935 1994 2053 2111 2168 2225 2144 2063 1981 1898 1815 1619 1422 1226 1029 833 651 471.99996948242187 312 166 14 31 45 40 26 13 17 18 20 21 24 24 25 27.000001907348633 31 36 43 52 50 47 45 46 44 42 37 34 33 34 36 40 47 29 17 9 2 -0
1985 1925 1862.0001220703125 1851 1837.9998779296875 1825 1811 1798 1765 1733 1702 1671.9998779296875 1642 1593 1544 1497 1450 1403 1513 1621.9998779296875 1731 1840 1946.9998779296875 2004.9998779296875 2061 2118 2173 2227 2135 2042 1948 1854.0001220703125 1759 1558 1356 1154 953 751 581 423.99996948242187 285 148 10 27.000001907348633 40 32 22 12 17 18 20 21 23 23 25 26 29 34 41 51 52 47 43 42 40 39 35 32 31 31 33 35 42 29 20 15.000000953674316 11 6
1987.9998779296875 1928.0001220703125 1860 1808 1754.9998779296875 1700 1645.9998779296875 1591 1556 1522 1488 1456 1425 1384 1345 1307 1268 1231 1377 1523 1670.0001220703125 1814 1960 2015 2070 2123 2176 2230 2126 2020.9998779296875 1915 1809 1703.0001220703125 1495 1288 1082 874 668 515 380 257 132 6 31 34 27.000001907348633 19 12 17 18 20 20 23 22 23 25 28 31 37 45 51 46 42 39 37 36 33 30.000001907348633 29 28 29 30.000001907348633 35 27.000001907348633 20 18 15.000000953674316 12
2012.9998779296875 1942 1864 1770.0001220703125 1675 1579 1483 1387 1350 1313 1277 1242 1208 1177 1147 1117 1086 1057 1241 1423 1607 1789 1971.9998779296875 2025 2077 2129 2180 2231 2116 1999 1882 1764 1645.9998779296875 1434 1221 1008 795 584 455.00003051757812 342 231 120.00000762939453 13 26 25 22 18 13 17 18 19 20 22 22 22 23 26 29 35 42 50 45 42 37 34 31 30.000001907348633 27.000001907348633 25 23 23 24 29 23 20 18 17 16
2060 1968 1875 1737.0001220703125 1599 1461 1323 1186 1145 1106 1068 1030 993.99993896484375 972 950 928 906.00006103515625 883 1103 1324 1544 1762.9998779296875 1983 2033 2084 2134 2184 2233 2105 1977 1848 1719 1589 1371 1153 934 716 507.00003051757812 403.00003051757812 302 203 104.99999237060547 7 16 19 18 17 13 17 18 19 20 22 21 21 22 24 27.000001907348633 33 39 48 45 41 36 31 27.000001907348633 24 21 21 19 19 19 24 20 18 18 17 18
2107 1998 1890 1708 1526 1346 1166 987 943.99993896484375 901 860.99993896484375 820 781 766 752 738 723 708 966 1222 1480 1736 1993 2042 2090 2139 2186 2234 2094 1954.0001220703125 1815 1674 1532 1308 1084 859 642 439 349 263 177 93 2 10 15.000000953674316 17 17 14 17 18 19 20 22 21 21 21 22 25 30.000001907348633 37 47 47 41 34 27.000001907348633 24 20 17 16 14 13 15.000000953674316 17 16 15.000000953674316 16 17 20
2175 2076 1981 1823 1666 1511 1356 1203 1144 1086 1029 971 914.00006103515625 877.00006103515625 838 800 761 722 912 1102 1292 1481 1670.0001220703125 1762.0001220703125 1852 1941 2032 2121 1996.9998779296875 1871.9998779296875 1746.9998779296875 1620.9998779296875 1495 1260 1024 788 565 355 285 217 150 89 7 13 17 17 17 14 17 18 20 20 22 21 22 22 24 27.000001907348633 32 38 46 52 47 40 34 30.000001907348633 25 23 23 22 22 22 25 24 22 23 25 28
2243 2156 2074 1939 1807 1677 1549 1421 1346 1271 1197 1123 1049 987 925 860.99993896484375 799 736 858 980 1102 1225 1348 1480 1612.0001220703125 1744 1876 2008 1899 1790 1679.0001220703125 1569 1458 1212 964.99993896484375 719 489 271 220 170 122 74 6 14 17 17 17 15.000000953674316 18 18 19 20 21 22 22 23 25 29 34 40 49 56 52.999996185302734 46 40 36 32 29 30.000001907348633 30.000001907348633 29 29 32 30.000001907348633 31 31 34 37
