testcase/dijle/ghg_0_cm.asc
ncols        125
nrows        200
xllcorner    168000.000000000000
yllcorner    166500.000000000000
cellsize     20.000000000000
NODATA_value  -3.4028234663852886e+038
[rows 140 to 174 of 200, columns 0 to 77 of 125]
2309 2237 2169 2059 1952 1846.9998779296875 1744 1644 1551 1459 1367 1275 1183 1097 1009 922.99993896484375 835.00006103515625 747 803 858 912 968 1024 1198 1373 1547 1721.9998779296875 1895.9998779296875 1801 1706 1612.0001220703125 1516 1420 1164 905 654 419.99996948242187 188 155 123 92 56 5 13 16 17 17 16 17 18 19 20 21 21 23 24 27.000001907348633 31 36 43 51 61 58.999996185302734 52.999996185302734 47 41 38 36 37 37 37 38 38 38 38 41 43 46
2377 2319 2265 2181 2100 2020.0001220703125 1943 1867 1756 1646.9998779296875 1537 1427 1317 1206 1094 983 871 759 746 734 721 710 699 914.99993896484375 1132 1350 1566 1782 1704.0001220703125 1624 1544 1464 1384 1115 847 591 348 105.99999237060547 91 76 66 38 4 11 15.000000953674316 17 17 17 18 19 19 20 21 21 23 26 29 33 39 46 55 66 69 60.000003814697266 52.999996185302734 48 45 42 43 45 45 45 46 46 48 49 52.999996185302734 56
2445 2403 2364 2304 2249 2194 2143 2090 1962.9998779296875 1834 1706 1577 1449 1314 1179 1042 906.00006103515625 771 690 609 529 448.99996948242187 371 630 892 1151 1411 1669 1606 1542 1476 1411 1347 1068 791 530 278 25 26 27.000001907348633 30.000001907348633 15.000000953674316 -0 9 13 16 17 17 18 19 20 20 21 22 24 27.000001907348633 30.000001907348633 35 41 48 57 66 74 67 61 55 52 49 50 52.999996185302734 52.999996185302734 52.999996185302734 54.000003814697266 55 56 58 63 68
2406 2369 2335 2276 2218 2163 2109 2055 1937.9998779296875 1819 1702 1585 1467 1332 1195 1060 922.99993896484375 787 701 616 530 444 362 562 762 957 1153 1351 1306 1263 1218 1173 1127 895 668 448.99996948242187 233.99998474121094 21 25 29 31 18 5 13 15.000000953674316 17 17 16 18 18 19 20 21 22 23 25 28 32 37 44 51 60.000003814697266 70 65 58.999996185302734 54.000003814697266 50 47 47 50 52 52.999996185302734 54.000003814697266 55 55 56 60.000003814697266 63
2367 2336 2306 2246 2188 2131 2074 2018 1910 1803.0001220703125 1696.9998779296875 1591 1484 1348 1212 1077 939.99993896484375 803 713 622 530 442 361 498 632 766 901 1034 1008 983 960.00006103515625 934 916 732 547 368 190 14 23 35 31 20 9 15.000000953674316 17 17 17 15.000000953674316 17 19 19 20 21 21 22 23 25 29 33 39 46 55 65 65 58 52 48 45 46 47 49 50 52 52.999996185302734 54.000003814697266 55 57 60.000003814697266
2328 2301 2275 2214 2154 2095 2037.0001220703125 1978.0001220703125 1882 1786 1690 1595 1500 1364 1228 1092 956.00006103515625 818.99993896484375 725 628 532 446 364 437 508 579 649 717 713 710 709 708 714 568 423.99996948242187 283 143 5 18 31 26 20 14 17 17 18 16 12 17 18 19 20 22 21 21 22 24 25 29 35 40 48 57 63 57 51 48 45 45 45 46 49 51 52.999996185302734 54.000003814697266 54.000003814697266 55 57
2289 2265 2241 2179 2117 2056 1996.9998779296875 1937.0001220703125 1851 1766 1682 1599 1515 1379 1243 1108 971 835.00006103515625 736 636 541 455.00003051757812 369 378 387 394 401.00003051757812 406 425 444 464 486 512 405.00003051757812 300 198 96 -0 13 26 22 20 17 18 18 17 15.000000953674316 11 15.000000953674316 17 18 19 22 20 20 21 21 23 26 30.000001907348633 36 42 51 58.999996185302734 56 50 47 44 44 44 45 48 50 52.999996185302734 55 55 55 56
2250 2228 2206 2140 2077 2015 1954.0001220703125 1893 1819 1745.0001220703125 1673 1601 1529 1393 1258 1122 987 851 748 645 553 465 377 322 266 210.99998474121094 154 98 137 177 218 261 307 240.00001525878906 174 111 49 -0 12 20 20 21 22 21 20 17 14 9 13 16 17 20 22 21 20 19 19 20 22 26 31 38 45 56 58 50 46 43 43 43 45 47 51 54.000003814697266 57 55 55 55
2146 2111 2077 2011 1946.9998779296875 1885 1824 1765 1695.9998779296875 1628.0001220703125 1562 1496 1430 1297 1165 1032 897.99993896484375 765 663 569 484 398 310 265 220 175 129 84 116.99999237060547 150 185 221 261 208 158 110 63 16 29 28 25 23 20 20 18 17 15.000000953674316 10 15.000000953674316 17 19 19 22 20 20 20 20 21 24 26 31 37 44 52.999996185302734 58.999996185302734 54.000003814697266 49 46 45 44 45 47 50 52 56 54.000003814697266 54.000003814697266 52
2042 1992 1945.9998779296875 1879.0001220703125 1814 1752 1692 1633 1571 1510 1450 1390 1331 1201 1072 941 810.00006103515625 680 587 503.00003051757813 417 332 245 210.99998474121094 176 141 105.99999237060547 71 96 123 151 182 214.00001525878906 176 141 108.00000762939453 76 46 46 38 31 25 18 19 18 18 16 12 16 18 19 20 21 21 20 20 21 21 24 27.000001907348633 31 37 44 52 61 58 52.999996185302734 49 47 45 46 47 50 51 55 56 54.000003814697266 52
1937.0001220703125 1870.0001220703125 1811 1743 1678.0001220703125 1616 1558 1500 1444 1390 1336 1284 1231 1104 977.00006103515625 850 722 603 521 438 354 269 182 158 133 108.00000762939453 82 57 76 96 117.99999237060547 141 166 144 124 104.99999237060547 87 68 58 48 37 27.000001907348633 19 19 18 18 16 12 17 18 18 20 21 20 20 20 21 23 24 28 32 38 43 52 62 64 57 52 49 48 47 48 49 51 52.999996185302734 56 55 52
1832 1743 1670.9998779296875 1602 1539 1479 1420 1365 1316 1268 1221 1175 1131 1007 883 759 643 538 457.00003051757812 376 292 208 122 107.00000762939453 92 76 60.000003814697266 45 57 69 83 99 117.99999237060547 110 104.99999237060547 102 101 88 72 57 43 31 18 19 19 18 17 14 17 18 19 19 20 20 20 21 21 23 26 29 32 37 44 51 58.999996185302734 66 61 56 52 49 49 49 49 51 52 54.000003814697266 56 52.999996185302734
1692 1601 1522 1457 1395 1337 1281 1228 1185 1144 1106 1067 1029 909 789 678 577 473.99996948242187 395 316 233 150 64 58 52 46 39 33 37 41 48 56 68 75 84 95 104.99999237060547 101 83 66 51 34 19 20 20 20 18 15.000000953674316 18 19 19 19 20 20 21 21 22 24 26 29 33 38 44 51 58.999996185302734 68 65 58.999996185302734 55 52 51 50 51 52 54.000003814697266 52.999996185302734 54.000003814697266 51
1522 1458 1398 1329 1263 1199 1138 1078 1029 982 935.00006103515625 891 847 736 634 543 452 358 300 239.00001525878906 177 111 45 44 42 40 38 38 39 44 49 57 68 74 84 96 97 92 75 58.999996185302734 45 31 16 18 19 18 17 15.000000953674316 17 18 19 19 19 20 20 21 22 23 25 28 31 36 42 49 57 67 68 61 55 52 50 50 51 54.000003814697266 57 52.999996185302734 50 44
1353 1310 1269 1197 1128 1060 992 927.00006103515625 872 817 763 713 664 573 491 411 329 246 208 167 123 76 28 31 33 35 37 41 41 44 49 57 67 72 79 89 85 82 67 52.999996185302734 39 27.000001907348633 15.000000953674316 17 18 18 17 15.000000953674316 17 18 19 19 19 20 20 21 21 23 24 27.000001907348633 30.000001907348633 34 40 46 52.999996185302734 61 68 61 56 52 50 50 52.999996185302734 54.000003814697266 52.999996185302734 45 41 37
1184 1161 1140 1065 991 918 846 774 712 653 598 546 496.99996948242187 421.99996948242187 349 280 209.99998474121094 138 121 98 72 45 15.000000953674316 21 24 29 35 43 42 43 48 55 64 68 73 80 76 72 60.000003814697266 47 35 24 13 16 18 18 17 15.000000953674316 17 18 19 19 19 19 20 20 21 22 24 26 29 33 38 44 51 58.999996185302734 67 60.000003814697266 55 52 50 50 52 54.000003814697266 49 44 38 35
1014.0000610351562 1010.9999389648437 1009 931.00006103515625 854 776 700 627 562 500 444 389 336 269 206 148 94 38 40 35 26 15.000000953674316 4 11 15.000000953674316 22 30.000001907348633 44 41 42 45 51 61 64 68 71 67 64 52 41 30.000001907348633 21 12 16 17 18 17 16 17 18 19 19 19 19 20 20 21 22 23 25 28 32 37 42 49 57 66 60.000003814697266 55 51 49 48 48 51 48 42 37 32
845 862 878 797 715 635 559 489 421 356 292 230 171 112 60.000003814697266 16 -0 -0 -0 -0 -0 -0 -0 -0 1 10 22 41 37 38 41 47 55 58.999996185302734 63 63 58 55 44 35 26 19 11 15.000000953674316 17 17 17 16 18 18 19 19 19 19 20 20 21 22 23 25 28 31 36 41 48 56 66 61 56 51 47 45 45 50 49 44 36 31
705 720 730 653 580 511 444.99996948242187 379 329 280 232 185 142 97 58 27.000001907348633 6 -0 -0 3 7 7 5 11 15.000000953674316 23 34 51 46 44 47 51 58 58.999996185302734 61 58 54.000003814697266 51 41 32 25 18 11 16 17 18 17 16 18 18 19 19 19 19 20 20 21 22 23 25 27.000001907348633 31 35 40 47 55 65 65 56 50 46 43 42 46 50 49 40 32
565 583 585 519 456 394 332 271 238.00001525878906 204 172 139 108.00000762939453 77 50 29 14 -0 9 13 15.000000953674316 15.000000953674316 14 19 25 32 44 57 52 50 50 54.000003814697266 60.000003814697266 62 58.999996185302734 52.999996185302734 49 46 37 29 23 18 10 16 18 18 18 17 18 18 19 19 19 19 20 20 21 22 23 25 27.000001907348633 30.000001907348633 34 40 46 52 60.000003814697266 65 56 49 44 41 39 43 47 50 41 34
570 488 459 395 334 276 221 165 149 130 111 92 74 55 38 25 16 6 14 18 21 21 21 28 34 41 50 62 57 54.000003814697266 54.000003814697266 56 61 60.000003814697266 54.000003814697266 49 44 41 34 27.000001907348633 22 17 11 15.000000953674316 17 18 17 17 18 18 19 19 19 19 20 20 21 22 23 25 27.000001907348633 30.000001907348633 34 39 45 51 58 64 55 48 43 39 36 41 46 52 44 36
427 370 332 267 209.99998474121094 158 111 63 63 58.999996185302734 52 45 38 30.000001907348633 24 19 17 13 20 25 28 31 31 37 42 48 56 66 60.000003814697266 57 56 57 60.000003814697266 56 50 45 40 36 30.000001907348633 24 20 16 11 15.000000953674316 17 18 18 17 18 19 19 19 19 19 20 20 21 22 23 25 27.000001907348633 31 35 40 45 51 58 63 55 47 42 37 34 40 46 54.000003814697266 48 40
284 233.99998474121094 194 134 82 36 2 -0 -0 -0 -0 -0 3 6 8 13 17 23 30.000001907348633 35 39 42 45 48 52 56 62 69 62 58 57 57 58.999996185302734 52.999996185302734 45 40 35 32 26 22 18 15.000000953674316 10 15.000000953674316 17 17 18 17 18 19 19 19 19 19 20 20 21 22 23 25 28 32 36 41 47 52.999996185302734 58.999996185302734 63 54.000003814697266 46 40 36 33 39 46 56 56 44
232 192 156 111 72 38 14 -0 4 8 11 12 15.000000953674316 14 16 17 18 20 24 27.000001907348633 30.000001907348633 32 34 37 41 46 51 58 55 55 55 58 63 55 49 43 37 34 29 24 20 16 10 15.000000953674316 17 18 18 18 18 19 19 19 19 20 20 20 21 22 24 26 29 33 37 43 49 56 64 63 51 43 37 32 28 35 43 51 57 45
179 145 114 84 57 34 17 1 10 14 15.000000953674316 16 19 18 18 18 18 18 20 22 23 25 24 28 32 36 41 48 47 50 52.999996185302734 58.999996185302734 66 57 51 45 40 37 30.000001907348633 25 20 16 10 15.000000953674316 17 18 18 18 18 19 19 19 19 20 20 21 21 23 25 27.000001907348633 30.000001907348633 35 40 46 52 58 64 57 48 40 34 29 24 33 41 49 57 45
127 98 71 54.000003814697266 39 26 17 6 14 16 18 18 20 18 18 18 18 18 18 19 19 19 18 22 24 27.000001907348633 32 36 39 45 52 61 68 60.000003814697266 52.999996185302734 47 43 39 32 26 20 16 9 15.000000953674316 17 18 18 18 19 19 19 19 19 20 20 21 22 23 26 28 32 37 42 49 56 64 63 52.999996185302734 44 37 31 26 22 31 41 49 57 45
75 52 28 24 20 16 13 9 14 17 17 19 21 19 17 17 17 15.000000953674316 16 16 15.000000953674316 14 12 15.000000953674316 17 19 22 26 31 39 49 60.000003814697266 71 62 55 49 45 41 34 27.000001907348633 22 16 9 14 17 18 19 18 19 19 19 19 20 20 20 21 22 24 27.000001907348633 30.000001907348633 34 40 46 52.999996185302734 63 63 56 49 41 34 27.000001907348633 23 20 30.000001907348633 42 54.000003814697266 55 45
22 7 -0 -0 2 5 8 9 13 14 17 18 21 17 16 14 13 12 11 9 8 5 3 6 7 10 12 15.000000953674316 22 33 47 60.000003814697266 73 65 58 51 47 43 35 28 22 17 9 15.000000953674316 18 18 18 19 19 19 19 19 20 20 21 22 23 25 28 32 37 43 49 56 63 57 51 45 37 30.000001907348633 25 21 17 30.000001907348633 45 51 48 42
51 44 34 45 52.999996185302734 58.999996185302734 64 67 68 67 66 65 65 61 55 50 46 41 36 30.000001907348633 25 18 11 13 15.000000953674316 18 20 23 32 43 55 67 81 73 65 60.000003814697266 54.000003814697266 50 41 31 24 17 8 14 17 18 19 19 19 19 19 20 20 20 21 22 24 27.000001907348633 30.000001907348633 35 40 46 52.999996185302734 62 62 52.999996185302734 47 41 35 30.000001907348633 26 23 20 32 43 41 37 31
80 86 87 98 108.00000762939453 116 123 130 126 121 116.99999237060547 114 111 104 96 88 80 73 63 52.999996185302734 43 33 23 23 23 24 25 28 41 52 63 75 89 80 73 67 62 57 46 36 26 17 7 14 17 18 19 19 19 19 19 20 20 21 22 23 26 29 33 38 44 50 57 62 56 49 43 38 33 29 27.000001907348633 24 24 35 40 35 28 22
135 135 136 144 156 172 183 193 186 178 170 163 155 144 129 116.99999237060547 105.99999237060547 97 84 71 58 45 31 31 32 31 33 35 45 58 70 83 97 88 82 75 69 65 51 39 28 17 6 14 16 18 19 20 19 19 20 20 20 21 23 24 27.000001907348633 31 36 41 48 55 62 61 52 45 39 35 31 28 27.000001907348633 27.000001907348633 28 37 34 29 22 16
162 166 175 189 203 218 233 247 234.99998474121094 223 210.99998474121094 199 187 173 159 146 134 123 105.99999237060547 90 74 58 42 42 40 40 39 41 52 65 77 91 104.99999237060547 97 89 83 77 72 57 42 29 18 4 13 16 18 18 20 20 20 20 20 21 22 23 26 29 34 39 46 52.999996185302734 61 62 54.000003814697266 47 41 36 32 30.000001907348633 28 28 30.000001907348633 34 38 33 26 20 11
166 194 215.00001525878906 232 250 267 285 302 285 269 253 236.99998474121094 220 205 191 176 162 149 129 110 91 72 54.000003814697266 52 50 49 48 48 60.000003814697266 72 86 99 114 104.99999237060547 98 91 85 79 62 46 30.000001907348633 17 3 11 14 17 19 20 20 20 20 20 21 23 25 27.000001907348633 31 36 43 50 60.000003814697266 61 55 48 42 37 33 30.000001907348633 29 28 29 31 37 39 33 25 18 7
200 225 250 271 291 312 333 354 352 351 351 350 349 336 323 312 300 290 263 236.99998474121094 210.99998474121094 186 161 139 119.00000762939453 99 79 58.999996185302734 68 77 87 97 107.00000762939453 99 92 85 79 73 57 43 30.000001907348633 18 5 13 16 18 18 20 20 20 20 21 22 24 26 29 34 39 46 54.000003814697266 61 55 49 43 38 34 30.000001907348633 28 27.000001907348633 26 27.000001907348633 30.000001907348633 32 39 38 29 19 9
233 259 287 310 334 358 382 407.00003051757813 419.99996948242187 435 448.99996948242187 464 480.00003051757812 469 458 448 438 431 398 364 332 301 269 228 189 150 110 72 77 84 89 95 101 93 86 79 73 67 54.000003814697266 41 29 18 6 13 16 18 19 20 20 20 21 21 23 25 27.000001907348633 31 36 43 50 60.000003814697266 60.000003814697266 52 45 40 35 31 28 26 25 25 26 28 30.000001907348633 35 39 36 24 11
