testcase/dijle/glg_0_cm.asc
ncols        125
nrows        200
xllcorner    168000.000000000000
yllcorner    166500.000000000000
cellsize     20.000000000000
NODATA_value -3.4028234663852885981e+38
[rows 128 to 159 of 200, columns 0 to 70 of 125]
-2697 -2635 -2573 -2538 -2505 -2471 -2439 -2406 -2356 -2306 -2257 -2207 -2159 -2078 -1995.9998779296875 -1916 -1837.0001220703125 -1761 -1849 -1937.9998779296875 -2031 -2125 -2218 -2215 -2210 -2204 -2196 -2185 -2090 -1992 -1894 -1793 -1692 -1504 -1315 -1125 -935.00006103515625 -745 -580 -417.999969482421875 -270 -136 -0 -14 -18 -20 -21 -22 -33 -38 -43 -48 -54.000003814697265625 -58.999996185302734375 -65 -70 -75 -80 -86 -91 -91 -91 -90 -90 -89 -89 -88 -87 -87 -86 -87
-2518 -2458 -2397 -2379 -2362 -2345 -2327 -2311 -2266 -2222 -2179 -2136 -2094 -2017 -1942 -1868 -1795.9998779296875 -1726 -1811 -1898 -1986 -2076 -2164 -2177 -2188 -2198 -2206 -2213 -2121 -2027 -1933 -1837.0001220703125 -1739 -1550 -1358 -1166 -974 -781 -611 -442 -287 -147 -5 -16 -22 -26 -25 -23 -30.000001907348632812 -35 -42 -47 -52 -58 -62 -67 -71 -76 -81 -85 -84 -84 -83 -82 -81 -80 -79 -78 -78 -79 -79
-2340 -2281 -2224 -2222 -2220 -2220 -2218 -2217 -2179 -2140 -2102 -2065 -2028.0001220703125 -1958 -1890 -1821.9998779296875 -1757 -1693 -1774 -1857 -1942 -2026 -2109 -2138 -2166 -2191 -2216 -2239 -2152 -2062 -1970.9998779296875 -1879.0001220703125 -1787.0001220703125 -1594 -1400 -1206 -1012 -817 -641 -466 -306 -160 -10 -22 -29 -32 -32 -22 -29 -34 -40 -46 -51 -55 -58.999996185302734375 -64 -67 -71 -75 -80 -79 -77 -75 -75 -73 -72 -70 -69 -69 -70 -71
-2161 -2105 -2050 -2066 -2081 -2095 -2110 -2125 -2091 -2059 -2027 -1995.0001220703125 -1965 -1901 -1839 -1778.0001220703125 -1718 -1660 -1739 -1818 -1896.9998779296875 -1975 -2054 -2099 -2142 -2184 -2225 -2266 -2181 -2096 -2009 -1921.9998779296875 -1833 -1637.0001220703125 -1442 -1245 -1049 -852.00006103515625 -672 -492 -327 -174 -18 -30.000001907348632812 -38 -42 -34 -20 -26 -33 -38 -45 -50 -52.999996185302734375 -56 -58.999996185302734375 -62 -67 -70 -75 -72 -71 -69 -67 -65 -63 -62 -60.000003814697265625 -60.000003814697265625 -60.000003814697265625 -62
-1982 -1931 -1879.0001220703125 -1911 -1943 -1973 -2004.0001220703125 -2034 -2006 -1979.9998779296875 -1953.0001220703125 -1928.0001220703125 -1903.0001220703125 -1845.0001220703125 -1789 -1735 -1681 -1629.0001220703125 -1703.0001220703125 -1777 -1850 -1924 -1996.9998779296875 -2058 -2118 -2177 -2235 -2291 -2211 -2129 -2046.9998779296875 -1962.9998779296875 -1879.0001220703125 -1682 -1483 -1285 -1085 -885.99993896484375 -701 -518 -350 -193 -30.000001907348632812 -43 -52.999996185302734375 -47 -33 -18 -25 -31 -37 -43 -49 -51 -54.000003814697265625 -56 -58.999996185302734375 -62 -65 -69 -67 -64 -61 -58.999996185302734375 -56 -54.000003814697265625 -52 -51 -50 -51 -52
-1985 -1929.9998779296875 -1871.9998779296875 -1864 -1856 -1845.9998779296875 -1835 -1825 -1795.9998779296875 -1766 -1737.0001220703125 -1710 -1683 -1636 -1589 -1544 -1500 -1455 -1567 -1678.0001220703125 -1789 -1900 -2009 -2068 -2125 -2183 -2239 -2293 -2201 -2108 -2012.9998779296875 -1918 -1821.9998779296875 -1619 -1416 -1212 -1008 -803 -631 -469 -322 -175 -25 -39 -48 -40 -29 -18 -25 -30.000001907348632812 -37 -42 -48 -50 -52.999996185302734375 -55 -57 -60.000003814697265625 -64 -68 -68 -64 -61 -58 -55 -52 -49 -47 -46 -46 -47
-1987.9998779296875 -1932 -1869 -1820.9998779296875 -1771.9998779296875 -1720.9998779296875 -1670.0001220703125 -1618 -1586 -1555 -1524 -1494 -1465 -1427 -1390 -1354 -1318 -1283 -1432 -1580 -1728.0001220703125 -1874 -2020.9998779296875 -2078 -2133 -2188 -2241 -2295 -2191 -2086 -1979.0001220703125 -1873 -1765 -1556 -1348 -1139 -930 -720 -564 -423.999969482421875 -293 -159 -23 -42 -43 -35 -26 -18 -24 -30.000001907348632812 -36 -41 -47 -49 -51 -54.000003814697265625 -56 -58 -61 -65 -67 -64 -60.000003814697265625 -57 -52.999996185302734375 -49 -45 -42 -40 -38 -38
-2012.9998779296875 -1946.9998779296875 -1873 -1783 -1692 -1599 -1507 -1414 -1380 -1346 -1312 -1280 -1249 -1220 -1193 -1165 -1137 -1109 -1295 -1480 -1665 -1849 -2033 -2087 -2140 -2193 -2245 -2295 -2180 -2063 -1945.0001220703125 -1827 -1708 -1494 -1280 -1065 -850 -636 -504 -384 -265 -145 -27.000001907348632812 -36 -34 -29 -24 -18 -24 -29 -35 -40 -46 -48 -50 -51 -54.000003814697265625 -56 -58.999996185302734375 -63 -66 -63 -61 -55 -51 -46 -42 -37 -35 -33 -32
-2060 -1971.9998779296875 -1884 -1750 -1616 -1482 -1347 -1213 -1175 -1139 -1103 -1068 -1035 -1014.99993896484375 -996 -976 -956.00006103515625 -935.00006103515625 -1158 -1380 -1601 -1823 -2043 -2095 -2147 -2197 -2248 -2296 -2169 -2041 -1911 -1781 -1650 -1431 -1211 -991 -771 -559 -448.999969482421875 -342 -234.9999847412109375 -128 -20 -26 -26 -24 -22 -18 -24 -29 -35 -40 -45 -47 -49 -50 -52 -54.000003814697265625 -58 -61 -65 -63 -60.000003814697265625 -55 -50 -43 -38 -34 -31 -28 -26
-2107 -2003.0001220703125 -1900 -1720.9998779296875 -1543 -1367 -1190 -1014.00006103515625 -974 -934 -897 -859 -822 -810.00006103515625 -798 -786 -774 -760 -1020 -1278 -1537 -1795.0001220703125 -2053 -2103 -2152 -2201 -2249 -2297 -2158 -2017 -1877 -1735 -1592 -1368 -1142 -916 -696 -488 -393 -300 -206 -112 -13 -18 -20 -21 -20 -18 -24 -29 -35 -39 -45 -46 -48 -49 -51 -52 -56 -58.999996185302734375 -64 -63 -60.000003814697265625 -54.000003814697265625 -47 -42 -36 -30.000001907348632812 -26 -22 -21
-2175 -2080 -1990 -1836 -1683 -1531 -1380 -1230 -1174 -1119 -1065 -1010.00006103515625 -956.00006103515625 -921 -885.00006103515625 -847.99993896484375 -812 -775 -966 -1158 -1349 -1539 -1729.9998779296875 -1821.9998779296875 -1912.9998779296875 -2004.0001220703125 -2095 -2184 -2060 -1935 -1809 -1682 -1555 -1319 -1082 -843.99993896484375 -618 -403.000030517578125 -326 -251 -176 -103 -14 -18 -20 -20 -20 -18 -24 -29 -35 -39 -44 -47 -49 -50 -52.999996185302734375 -55 -58.999996185302734375 -62 -66 -69 -66 -60.000003814697265625 -54.000003814697265625 -49 -43 -37 -35 -31 -32
-2243 -2161 -2083 -1952 -1825 -1698 -1573 -1449 -1377 -1305 -1234 -1163 -1091 -1031 -971 -910.00006103515625 -849 -788 -912 -1035 -1159 -1284 -1407 -1540 -1674 -1806 -1939 -2070 -1962.0001220703125 -1852 -1741 -1629.9998779296875 -1518 -1270 -1022 -774 -540 -317 -259 -202 -144 -86 -12 -17 -19 -20 -20 -19 -25 -29 -34 -39 -44 -47 -49 -52 -54.000003814697265625 -58 -62 -66 -70 -74 -72 -67 -61 -56 -51 -45 -42 -39 -40
-2309 -2242 -2178 -2073 -1969 -1868 -1769 -1671.9998779296875 -1583 -1494 -1405 -1315 -1226 -1141 -1056 -972 -885.99993896484375 -800 -856.00006103515625 -913 -968.99993896484375 -1026 -1083 -1258 -1434 -1609 -1784 -1958 -1862.9998779296875 -1768 -1673 -1577 -1480 -1222 -960.99993896484375 -708 -469 -231 -191 -151 -111 -66 -10 -16 -18 -19 -20 -19 -24 -29 -34 -39 -43 -46 -50 -52.999996185302734375 -57 -60.000003814697265625 -65 -69 -74 -79 -78 -73 -68 -63 -58 -54.000003814697265625 -51 -49 -49
-2377 -2324 -2275 -2195 -2118 -2042 -1968 -1895.9998779296875 -1789 -1682 -1575 -1467 -1359 -1251 -1141 -1031 -921 -810.99993896484375 -800 -789 -778 -767 -758 -975 -1193 -1411 -1628.0001220703125 -1844 -1766 -1686 -1604.9998779296875 -1524 -1443 -1173 -903 -644 -395 -146 -124 -101 -80 -46 -8 -14 -17 -19 -20 -21 -25 -30.000001907348632812 -34 -39 -43 -47 -50 -55 -58.999996185302734375 -63 -68 -73 -78 -84 -86 -80 -75 -70 -67 -62 -60.000003814697265625 -57 -58
-2445 -2408 -2374 -2319 -2268 -2217 -2169 -2120 -1995.0001220703125 -1870.0001220703125 -1745.0001220703125 -1618 -1492 -1359 -1225 -1091 -957 -822 -743 -663 -585 -507.000030517578125 -430.000030517578125 -690 -953 -1212 -1473 -1731 -1668 -1603.0001220703125 -1537 -1472 -1405 -1125 -846 -581 -322 -61 -55 -49 -42 -22 -3 -11 -15.000000953674316406 -18 -19 -21 -25 -29 -34 -38 -43 -47 -51 -56 -61 -66 -71 -76 -81 -87 -91 -87 -83 -78 -74 -70 -69 -67 -66
-2406 -2375 -2346 -2291 -2238 -2186 -2136 -2086 -1970.9998779296875 -1854.9998779296875 -1741 -1626 -1510 -1376 -1242 -1108 -972.99993896484375 -839.00006103515625 -754 -670 -585 -502 -419.999969482421875 -623 -822.99993896484375 -1018.99993896484375 -1215 -1413 -1369 -1324 -1279 -1233 -1186 -952.00006103515625 -721 -498 -276 -52.999996185302734375 -51 -48 -42 -25 -9 -15.000000953674316406 -18 -19 -19 -19 -24 -28 -32 -37 -42 -46 -50 -54.000003814697265625 -58 -62 -67 -72 -76 -82 -87 -85 -81 -77 -73 -70 -68 -67 -66
-2367 -2341 -2317 -2262 -2208 -2154 -2102 -2049 -1944 -1840 -1736 -1631 -1527 -1393 -1258 -1124 -989.99993896484375 -854 -766 -676 -586 -500 -421 -559 -694 -828 -964.00006103515625 -1096 -1071 -1045 -1021 -993.99993896484375 -975 -787 -599 -414 -229 -44 -47 -50 -42 -28 -14 -18 -19 -19 -19 -18 -22 -27.000001907348632812 -32 -37 -42 -45 -48 -51 -54.000003814697265625 -58.999996185302734375 -63 -68 -73 -78 -83 -83 -79 -75 -72 -69 -68 -67 -67
-2328 -2307 -2286 -2230 -2174 -2119 -2064 -2009 -1915 -1821.9998779296875 -1729.0001220703125 -1635 -1542 -1408 -1274 -1139 -1005 -870 -777 -682 -587 -504 -423.999969482421875 -498.999969482421875 -571 -643 -713 -781 -776 -772 -770 -768 -772 -623 -475 -328 -181 -35 -41 -45 -38 -29 -19 -20 -20 -20 -18 -15.000000953674316406 -21 -26 -31 -36 -42 -44 -46 -49 -52 -55 -58.999996185302734375 -64 -68 -73 -78 -80 -77 -74 -72 -69 -68 -67 -67
-2289 -2271 -2252 -2195 -2137 -2080 -2024 -1968 -1885 -1802 -1720.0001220703125 -1639 -1557 -1423 -1289 -1155 -1020 -885.00006103515625 -787 -689 -596 -512 -429 -440 -448.999969482421875 -458 -465 -469.999969482421875 -489 -506 -525 -545 -569 -459 -349 -241.0000152587890625 -133 -25 -34 -40 -35 -30.000001907348632812 -24 -24 -22 -20 -18 -13 -19 -24 -29 -35 -41 -42 -44 -47 -49 -51 -56 -58.999996185302734375 -64 -68 -73 -77 -75 -73 -71 -69 -69 -67 -68
-2250 -2234 -2217 -2156 -2098 -2039 -1981 -1924 -1852 -1781 -1711 -1641 -1570 -1436 -1303 -1169 -1035 -900 -799 -697 -607 -523 -436 -383 -328 -274 -218 -161 -200 -239.0000152587890625 -279 -320 -363 -292 -222 -152 -84 -15.000000953674316406 -29 -33 -33 -32 -31 -29 -25 -20 -17 -11 -17 -22 -27.000001907348632812 -34 -40 -42 -43 -44 -46 -48 -51 -56 -58.999996185302734375 -64 -68 -74 -75 -72 -70 -68 -68 -68 -68
-2146 -2117 -2088 -2027 -1967 -1909 -1851 -1795.0001220703125 -1729.0001220703125 -1662.9998779296875 -1599 -1535 -1471 -1340 -1208 -1077 -945 -813 -713 -621 -538 -454 -368 -325 -281 -236.9999847412109375 -191 -146 -179 -211.9999847412109375 -245 -279 -315 -259 -203 -149 -94 -39 -45 -43 -39 -36 -30.000001907348632812 -28 -24 -21 -18 -13 -18 -23 -29 -34 -40 -41 -42 -45 -47 -49 -52.999996185302734375 -56 -61 -64 -69 -74 -77 -75 -73 -71 -70 -70 -69
-2042 -1998 -1957 -1895.0001220703125 -1834 -1776 -1719 -1662.9998779296875 -1603.0001220703125 -1544 -1486 -1429 -1371 -1243 -1115 -985.00006103515625 -856.00006103515625 -727 -636 -554 -469.999969482421875 -387 -302 -269 -234.9999847412109375 -201 -166 -131 -156 -183 -209.9999847412109375 -238.0000152587890625 -267 -225 -184 -144 -104 -64 -61 -52.999996185302734375 -47 -38 -29 -27.000001907348632812 -24 -22 -18 -14 -20 -24 -29 -34 -39 -41 -42 -45 -48 -49 -54.000003814697265625 -58 -61 -66 -70 -74 -79 -78 -76 -73 -73 -71 -70
-1937.0001220703125 -1876 -1821.9998779296875 -1759 -1698 -1640 -1584 -1529 -1476 -1424 -1372 -1321 -1270 -1144 -1018.99993896484375 -893 -767 -649 -569 -488 -405.000030517578125 -322 -235.9999847412109375 -214.0000152587890625 -189 -166 -141 -116 -135 -154 -174 -194 -217 -190 -163 -138 -111 -84 -74 -64 -52.999996185302734375 -41 -29 -27.000001907348632812 -25 -23 -19 -15.000000953674316406 -21 -25 -29 -34 -38 -40 -42 -45 -48 -51 -54.000003814697265625 -58 -62 -67 -70 -75 -81 -82 -79 -76 -74 -73 -71
-1832 -1749 -1682 -1617 -1558 -1501 -1446 -1393 -1347 -1301 -1256 -1212 -1169 -1046 -922.99993896484375 -801 -687 -583 -503.000030517578125 -423 -341 -257 -173 -159 -145 -131 -115 -100 -112 -124 -136 -151 -166 -153 -141 -130 -120.00000762939453125 -102 -89 -74 -58.999996185302734375 -45 -29 -27.000001907348632812 -25 -23 -20 -17 -21 -25 -30.000001907348632812 -33 -37 -40 -43 -46 -49 -52 -56 -60.000003814697265625 -63 -67 -72 -76 -81 -84 -82 -79 -76 -74 -73
-1692 -1607 -1533 -1472 -1414 -1359 -1306 -1255 -1215 -1177 -1140 -1103 -1066 -947.99993896484375 -829 -718 -618 -516 -438 -359 -278 -195 -110 -105.99999237060546875 -100 -96 -90 -85 -89 -93 -99 -104.99999237060546875 -113 -114 -116.99999237060546875 -121 -122 -117.99999237060546875 -101 -84 -67 -48 -29 -28 -26 -24 -22 -18 -23 -26 -30.000001907348632812 -33 -36 -39 -43 -46 -50 -52.999996185302734375 -57 -61 -65 -69 -73 -77 -82 -86 -85 -82 -79 -76 -74
-1522 -1463 -1408 -1344 -1281 -1221 -1163 -1105 -1058 -1013 -968 -925 -882 -773 -672 -581 -490 -396 -339 -278 -216.0000152587890625 -150 -84 -85 -85 -85 -85 -86 -88 -93 -97 -103 -110 -111 -113 -116 -114 -110 -94 -77 -61 -43 -25 -25 -24 -22 -20 -18 -22 -25 -29 -32 -35 -39 -42 -45 -49 -52 -56 -60.000003814697265625 -63 -67 -72 -76 -80 -86 -86 -82 -79 -76 -73
-1353 -1315 -1279 -1212 -1146 -1081 -1016 -953 -900 -847.99993896484375 -796 -747 -699 -608 -526 -444.999969482421875 -363 -280 -241.0000152587890625 -200 -155 -108.00000762939453125 -58.999996185302734375 -64 -68 -74 -79 -86 -87 -90 -95 -100 -105.99999237060546875 -105.99999237060546875 -107.00000762939453125 -108.00000762939453125 -104.99999237060546875 -102 -87 -71 -55 -39 -21 -22 -22 -21 -20 -18 -22 -25 -28 -32 -35 -38 -41 -45 -48 -51 -55 -58.999996185302734375 -62 -66 -70 -74 -79 -83 -85 -82 -78 -75 -72
-1184 -1166 -1150 -1079 -1008 -938 -868.99993896484375 -800 -740 -682 -629 -578 -530 -454 -380 -310 -238.0000152587890625 -165 -148 -124 -97 -67 -35 -43 -51 -61 -72 -84 -85 -87 -90 -95 -100 -100 -99 -99 -96 -92 -79 -65 -50 -35 -19 -20 -20 -20 -19 -18 -21 -25 -28 -31 -34 -38 -41 -44 -47 -51 -54.000003814697265625 -58 -61 -65 -69 -73 -77 -81 -85 -81 -78 -75 -71
-1014.00006103515625 -1016 -1018 -943.99993896484375 -870 -796 -722 -651 -589 -529 -473.999969482421875 -419 -366 -298 -233 -172 -115 -57 -58 -52 -42 -28 -13 -23 -33 -47 -62 -81 -80 -82 -85 -89 -94 -92 -91 -89 -87 -84 -72 -58 -45 -31 -17 -19 -20 -20 -19 -18 -22 -25 -28 -31 -34 -37 -40 -44 -47 -50 -54.000003814697265625 -57 -61 -64 -68 -72 -76 -80 -84 -81 -78 -74 -71
-845 -866 -887 -810.00006103515625 -731 -653 -580 -513 -446.999969482421875 -383 -319 -258 -198 -138 -82 -33 0 0 0 0 0 0 0 -1 -12 -29 -50 -75 -74 -75 -78 -82 -86 -84 -82 -80 -78 -76 -64 -52 -40 -28 -15.000000953674316406 -18 -19 -19 -19 -19 -22 -25 -28 -31 -34 -37 -40 -43 -47 -50 -52.999996185302734375 -57 -60.000003814697265625 -64 -67 -71 -75 -79 -84 -81 -77 -74 -70
-705 -725 -738 -664 -595 -529 -465 -401.000030517578125 -353 -305 -257 -208.9999847412109375 -165 -119.00000762939453125 -76 -40 -13 0 -2 -7 -10 -11 -9 -19 -29 -43 -62 -83 -81 -80 -82 -83 -86 -82 -79 -77 -75 -72 -61 -49 -38 -26 -15.000000953674316406 -18 -19 -20 -19 -19 -22 -25 -28 -31 -34 -37 -40 -43 -46 -50 -52.999996185302734375 -56 -60.000003814697265625 -63 -67 -71 -74 -79 -83 -83 -78 -73 -69
-565 -587 -592 -530 -471 -410 -350 -291 -259 -225 -193 -160 -128 -95 -65 -40 -19 -0 -12 -17 -19 -20 -21 -31 -43 -55 -72 -89 -85 -84 -83 -84 -85 -81 -76 -73 -71 -68 -57 -46 -36 -26 -14 -18 -19 -20 -20 -20 -23 -25 -28 -31 -34 -37 -40 -43 -46 -50 -52.999996185302734375 -56 -60.000003814697265625 -63 -67 -70 -74 -77 -81 -83 -77 -73 -68
