testcase/dijle/glg_0_cm.asc
ncols        125
nrows        200
xllcorner    168000.000000000000
yllcorner    166500.000000000000
cellsize     20.000000000000
NODATA_value -3.4028234663852885981e+38
[rows 32 to 63 of 200, columns 0 to 70 of 125]
-1775 -1870.9998779296875 -1967 -2083 -2199 -2315 -2432 -2548 -2608 -2669 -2728 -2789 -2850 -2835 -2820 -2806 -2792 -2778 -2703 -2627 -2553 -2477 -2403 -2393 -2384 -2374 -2366 -2357 -2325 -2293 -2261 -2231 -2199 -2254 -2309 -2364 -2420 -2475 -2367 -2260 -2152 -2045.9998779296875 -1937.9998779296875 -1820.9998779296875 -1704.0001220703125 -1586 -1469 -1353 -1217 -1080 -945 -808 -672 -527 -381 -233.9999847412109375 -101 0 -7 -12 -16 -17 -17 -31 -43 -54.000003814697265625 -62 -69 -88 -102 -115
-1737.0001220703125 -1846.9998779296875 -1959 -2075 -2192 -2310 -2427 -2545 -2588 -2631 -2675 -2720 -2764 -2737 -2711 -2685 -2660 -2634 -2548 -2462 -2377 -2292 -2206 -2177 -2148 -2120 -2092 -2065 -2071 -2080 -2087 -2096 -2105 -2158 -2211 -2266 -2319 -2374 -2266 -2158 -2050 -1943 -1836 -1727 -1618 -1510 -1402 -1294 -1154 -1013 -872.99993896484375 -732 -592 -459 -328 -195 -85 0 -11 -16 -20 -22 -24 -39 -51 -63 -73 -81 -101 -116 -130
-1699 -1826 -1950 -2068 -2186 -2304 -2423 -2541 -2568 -2595 -2622 -2650 -2678 -2639 -2602 -2564 -2527 -2490 -2393 -2298 -2201 -2106 -2010 -1961 -1914 -1866 -1818 -1771.9998779296875 -1819 -1866 -1914 -1961 -2009 -2062 -2114 -2167 -2220 -2273 -2164 -2057 -1949 -1841 -1734 -1633 -1534 -1434 -1335 -1236 -1091 -947 -801 -656 -510 -392 -274 -158 -69 0 -12 -19 -24 -29 -34 -48 -61 -74 -86 -97 -122 -130 -133
-1664 -1804.0001220703125 -1943 -2061 -2181 -2299 -2418 -2538 -2548 -2558 -2569 -2580 -2592 -2542 -2492 -2444 -2395 -2347 -2239 -2132 -2026 -1920.0001220703125 -1812.9998779296875 -1745.9998779296875 -1679.0001220703125 -1612.0001220703125 -1546 -1479 -1566 -1653.0001220703125 -1740 -1827 -1915 -1966 -2017 -2068 -2121 -2173 -2065 -1956 -1848 -1740 -1632 -1541 -1450 -1359 -1269 -1178 -1029 -880 -730 -580 -430.000030517578125 -324 -218 -127 -58.999996185302734375 0 -14 -21 -29 -37 -45 -58.999996185302734375 -73 -88 -104 -116.99999237060546875 -128 -125 -124
-1629.9998779296875 -1783 -1936 -2056 -2175 -2294 -2414 -2534 -2528 -2522 -2516 -2512 -2506 -2445 -2384 -2323 -2262 -2203 -2085 -1967 -1850 -1733 -1618 -1530 -1444 -1358 -1273 -1187 -1313 -1440 -1566 -1693 -1820.0001220703125 -1870.9998779296875 -1920.9998779296875 -1970.9998779296875 -2021.9998779296875 -2072 -1965 -1856 -1748 -1639 -1531 -1449 -1367 -1285 -1203 -1122 -968 -814.00006103515625 -659 -504 -348 -257 -166 -97 -46 0 -13 -23 -34 -45 -57 -71 -86 -103 -126 -122 -122 -121 -119.00000762939453125
-1596 -1762.9998779296875 -1929.0001220703125 -2049 -2170 -2290 -2410 -2531 -2508 -2486 -2464 -2442 -2421 -2348 -2274 -2203 -2130 -2059 -1931 -1803.0001220703125 -1674 -1547 -1421 -1315 -1210 -1104 -999 -896 -1061 -1227 -1394 -1560 -1727 -1776 -1825 -1874 -1924 -1973 -1865 -1756 -1648 -1539 -1431 -1357 -1284 -1211 -1138 -1064 -906.00006103515625 -748 -588 -428.000030517578125 -268 -189 -121 -75 -33 0 -13 -24 -38 -52 -69 -83 -97 -114 -132 -116 -116.99999237060546875 -116 -114
-1564 -1710 -1856 -1967 -2078 -2191 -2303 -2415 -2361 -2307 -2253 -2201 -2148 -2053 -1958 -1864 -1770.9998779296875 -1677 -1582 -1486 -1392 -1298 -1203 -1105 -1007 -908 -812 -714 -883 -1052 -1222 -1392 -1562 -1609 -1658 -1704.9998779296875 -1754.9998779296875 -1803.0001220703125 -1704.9998779296875 -1606 -1509 -1410 -1312 -1234 -1155 -1077 -997.99993896484375 -918.99993896484375 -776 -632 -488 -343 -197 -133 -88 -58.999996185302734375 -29 -1 -16 -30.000001907348632812 -43 -58.999996185302734375 -76 -91 -109 -129 -143 -122 -121 -117.99999237060546875 -115
-1533 -1658 -1782 -1885 -1987.9998779296875 -2091 -2195 -2299 -2214 -2128 -2043 -1959 -1875 -1758 -1642 -1526 -1411 -1297 -1234 -1171 -1109 -1048 -987 -895 -804 -713 -623 -534 -705 -878 -1050 -1223 -1396 -1443 -1490 -1539 -1586 -1634 -1546 -1458 -1370 -1282 -1193 -1110 -1026 -943 -859 -775 -647 -517 -388 -259 -126 -86 -65 -44 -24 -5 -20 -33 -48 -64 -82 -100 -121 -151 -159 -132 -126 -121 -116
-1501 -1604.0001220703125 -1709 -1803.0001220703125 -1896.9998779296875 -1992 -2088 -2183 -2066 -1950 -1834 -1718 -1603.0001220703125 -1464 -1326 -1189 -1052 -914.99993896484375 -885.00006103515625 -855 -826 -798 -769 -685 -602 -518 -436 -353 -528 -703 -879 -1055 -1232 -1277 -1324 -1371 -1419 -1465 -1387 -1309 -1232 -1154 -1075 -985.99993896484375 -897.99993896484375 -809 -720 -630 -517 -403.000030517578125 -289 -175 -61 -46 -40 -30.000001907348632812 -20 -8 -22 -37 -52 -69 -87 -105.99999237060546875 -128 -156 -156 -139 -131 -123 -116.99999237060546875
-1469 -1552 -1636 -1720.9998779296875 -1808 -1894 -1979.9998779296875 -2067 -1919 -1770.9998779296875 -1624 -1477 -1330 -1171 -1010.00006103515625 -851 -692 -535 -537 -540 -543 -547 -553 -475 -399 -323 -248 -174 -351 -529 -708 -888 -1067 -1113 -1159 -1205 -1251 -1297 -1230 -1162 -1093 -1025 -957 -864.00006103515625 -769 -675 -580 -486 -386 -288 -190 -92 -12 -18 -20 -19 -17 -12 -26 -39 -55 -72 -90 -109 -131 -155 -150 -142 -135 -125 -117.99999237060546875
-1437 -1500 -1562 -1640 -1717 -1795.0001220703125 -1873 -1952 -1771.9998779296875 -1593 -1414 -1236 -1058 -876 -695 -513 -333 -153 -188 -224 -260 -297 -335 -265 -196 -127 -60.000003814697265625 0 -174 -356 -537 -720 -903 -947.99993896484375 -993.99993896484375 -1039 -1084 -1130 -1072 -1014.99993896484375 -956.00006103515625 -897.99993896484375 -839.99993896484375 -740 -641 -541 -441 -340 -256 -172 -91 -23 0 0 -4 -9 -13 -15.000000953674316406 -28 -42 -57 -75 -93 -111 -132 -154 -148 -142 -139 -129 -119.00000762939453125
-1373 -1397 -1423 -1460 -1498 -1537 -1575 -1615 -1473 -1332 -1191 -1051 -912 -804 -697 -590 -484 -379 -395 -411 -428.000030517578125 -446.999969482421875 -465 -401.000030517578125 -337 -275 -214.0000152587890625 -154 -267 -379 -494 -608 -724 -758 -793 -828 -863 -897 -852.00006103515625 -806.00006103515625 -760 -714 -667 -586 -503.000030517578125 -419.999969482421875 -337 -252 -183 -125 -73 -30.000001907348632812 0 -10 -15.000000953674316406 -18 -21 -25 -38 -51 -65 -80 -97 -114 -133 -153 -145 -136 -139 -130 -122
-1309 -1296 -1284 -1282 -1280 -1279 -1279 -1278 -1174 -1072 -968.99993896484375 -866 -765 -732 -699 -668 -636 -605 -601 -599 -596 -595 -595 -537 -479 -423 -368 -314 -358 -404 -448.999969482421875 -496.999969482421875 -545 -568 -593 -618 -642 -666 -633 -599 -564 -530 -496 -431 -367 -300 -233 -166 -124 -92 -60.000003814697265625 -30.000001907348632812 -5 -15.000000953674316406 -20 -25 -29 -35 -46 -58 -72 -86 -102 -116.99999237060546875 -134 -152 -143 -134 -139 -132 -123
-1245 -1194 -1143 -1102 -1062 -1021 -981.00006103515625 -942 -876 -810.99993896484375 -746 -682 -618 -659 -702 -744 -788 -832 -808 -787 -765 -745 -724 -672 -621 -570 -522 -473 -450 -427 -406 -385 -365 -380 -395 -409 -423 -435 -415 -392 -368 -345 -323 -277 -229 -180 -138 -100 -81 -63 -44 -26 -11 -18 -25 -32 -38 -44 -55 -67 -79 -92 -104.99999237060546875 -121 -135 -150 -142 -132 -139 -136 -126
-1180 -1093 -1004 -924 -843 -764 -684 -606 -578 -550 -524 -498 -471.999969482421875 -588 -705 -821 -939.00006103515625 -1058 -1016 -974 -933 -893 -854 -807 -763 -718 -675 -634 -542 -451.000030517578125 -362 -273 -187 -192 -197 -202 -206 -208 -198 -187 -171 -162 -159 -133 -108.00000762939453125 -83 -65 -45 -41 -34 -28 -20 -14 -22 -30.000001907348632812 -39 -46 -54.000003814697265625 -65 -75 -86 -97 -110 -124 -138 -150 -140 -130 -134 -136 -127
-1116 -989.99993896484375 -864.99993896484375 -745 -625 -507.000030517578125 -388 -269 -279 -290 -302 -313 -326 -516 -708 -897.99993896484375 -1091 -1284 -1223 -1162 -1102 -1042 -984 -943 -904 -867 -830 -794 -634 -475 -317 -161 -9 -5 -1 0 0 0 0 0 0 0 -2 -0 0 0 0 0 -1 -6 -10 -14 -18 -26 -36 -45 -55 -65 -74 -83 -93 -103 -114 -128 -142 -150 -139 -128 -132 -136 -128
-1091 -949 -809 -739 -669 -600 -530 -461 -467 -473.999969482421875 -481 -489 -496.999969482421875 -667 -839.00006103515625 -1012 -1184 -1359 -1306 -1253 -1202 -1152 -1102 -1057 -1014.00006103515625 -972 -932 -892 -750 -610 -471 -332 -197 -185 -173 -160 -145 -128 -116.99999237060546875 -104 -86 -75 -75 -60.000003814697265625 -46 -32 -19 -7 -13 -16 -17 -18 -18 -27.000001907348632812 -37 -46 -57 -67 -76 -85 -94 -104 -115 -130 -148 -148 -136 -125 -129 -134 -127
-1066 -909 -753 -731 -712 -691 -673 -653 -655 -658 -660 -664 -667 -818.99993896484375 -971 -1124 -1279 -1433 -1388 -1345 -1303 -1261 -1220 -1172 -1125 -1078 -1034 -991 -867 -744 -623 -502 -384 -364 -345 -324 -301 -277 -252 -225 -194 -164 -146 -119.00000762939453125 -93 -66 -39 -11 -17 -19 -19 -19 -18 -27.000001907348632812 -38 -48 -58.999996185302734375 -71 -78 -86 -95 -104 -114 -129 -146 -140 -131 -123 -127 -132 -126
-1041 -868 -697 -725 -755 -784 -814.99993896484375 -846 -843 -841 -839.00006103515625 -839.00006103515625 -838 -971 -1104 -1238 -1373 -1507 -1472 -1437 -1404 -1370 -1337 -1286 -1235 -1185 -1136 -1089 -983 -878 -775 -672 -571 -545 -517 -489 -460 -427 -388 -346 -303 -257 -221 -180 -141 -100 -58 -15.000000953674316406 -20 -23 -22 -20 -17 -28 -39 -50 -62 -73 -80 -87 -95 -104 -112 -127 -142 -135 -127 -119.00000762939453125 -124 -129 -128
-1016 -828 -640 -719 -799 -878 -958 -1039 -1032 -1025 -1020 -1013 -1009 -1123 -1237 -1351 -1467 -1582 -1555 -1529 -1504 -1479 -1456 -1400 -1346 -1292 -1239 -1188 -1099 -1012 -927.00006103515625 -842 -759 -725 -690 -655 -618 -579 -526 -469 -413 -355 -299 -236.9999847412109375 -189 -136 -80 -20 -26 -28 -25 -22 -17 -29 -40 -52 -64 -76 -82 -89 -95 -103 -110 -123 -137 -131 -123 -116 -121 -124 -126
-989.00006103515625 -787 -584 -712 -842 -971 -1101 -1231 -1220 -1209 -1199 -1189 -1181 -1275 -1370 -1465 -1561 -1657 -1640 -1621.9998779296875 -1604.9998779296875 -1589 -1574 -1514 -1456 -1399 -1342 -1286 -1216 -1147 -1079 -1013 -947.99993896484375 -906.00006103515625 -864.00006103515625 -822 -777 -731 -663 -593 -523 -451.000030517578125 -378 -301 -240.0000152587890625 -174 -104.99999237060546875 -31 -36 -35 -30.000001907348632812 -25 -17 -29 -41 -54.000003814697265625 -65 -78 -83 -88 -95 -100 -107.00000762939453125 -120.00000762939453125 -132 -125 -119.00000762939453125 -113 -117.99999237060546875 -122 -124
-1078 -954 -830 -946 -1062 -1179 -1296 -1414 -1403 -1391 -1381 -1371 -1362 -1445 -1529 -1612.9998779296875 -1698 -1784 -1764 -1745.9998779296875 -1728.0001220703125 -1712.0001220703125 -1695.0001220703125 -1633 -1572 -1512 -1452 -1395 -1323 -1253 -1185 -1118 -1053 -1001 -950 -897.99993896484375 -843 -787 -699 -610 -518 -427 -334 -262 -207 -148 -85 -17 -24 -27.000001907348632812 -26 -22 -17 -28 -38 -49 -60.000003814697265625 -71 -77 -83 -89 -95 -102 -114 -126 -121 -116 -111 -115 -119.00000762939453125 -122
-1167 -1121 -1075 -1178 -1282 -1386 -1492 -1598 -1585 -1574 -1564 -1553 -1543 -1616 -1689 -1761 -1835 -1910 -1889 -1870.0001220703125 -1852 -1833 -1816 -1751 -1687.9998779296875 -1625 -1564 -1503 -1431 -1360 -1291 -1223 -1158 -1097 -1036 -974 -910.99993896484375 -845 -736 -625 -514 -401.000030517578125 -290 -228 -178 -124 -68 -9 -18 -21 -22 -20 -17 -27.000001907348632812 -36 -45 -55 -65 -71 -77 -83 -89 -95 -108.00000762939453125 -120.00000762939453125 -116 -112 -108.00000762939453125 -112 -115 -117.99999237060546875
-1256 -1287 -1319 -1411 -1503 -1595 -1687.0001220703125 -1779.9998779296875 -1769 -1757 -1745.0001220703125 -1736 -1725 -1786 -1848 -1909 -1973 -2035 -2015 -1994 -1974 -1954.9998779296875 -1937.9998779296875 -1870.9998779296875 -1804.0001220703125 -1739 -1674 -1611 -1539 -1467 -1397 -1329 -1262 -1193 -1123 -1051 -978 -901 -771 -641 -508 -373 -253 -201 -153 -104 -54.000003814697265625 -3 -14 -19 -19 -20 -18 -25 -33 -41 -49 -58 -65 -71 -77 -83 -90 -102 -114 -112 -109 -105.99999237060546875 -110 -112 -115
-1345 -1455 -1565 -1644 -1724 -1804.0001220703125 -1883 -1964 -1951 -1940 -1928.0001220703125 -1918 -1906 -1957 -2007 -2058 -2110 -2162 -2140 -2118 -2099 -2079 -2060 -1989 -1920.9998779296875 -1853.0001220703125 -1786 -1720.0001220703125 -1646.9998779296875 -1574 -1504 -1435 -1368 -1289 -1209 -1128 -1044 -959 -808 -656 -503.000030517578125 -349 -217 -173 -129 -84 -39 0 -11 -16 -17 -19 -18 -23 -28 -35 -43 -51 -57 -64 -70 -77 -84 -97 -109 -107.00000762939453125 -104.99999237060546875 -104 -107.00000762939453125 -110 -113
-1435 -1621.9998779296875 -1810 -1877 -1944 -2011 -2080 -2148 -2134 -2122 -2110 -2100 -2089 -2127 -2166 -2207 -2248 -2289 -2266 -2243 -2222 -2201 -2181 -2109 -2037.9998779296875 -1967 -1898 -1829.0001220703125 -1754.9998779296875 -1683 -1611 -1541 -1474 -1385 -1295 -1205 -1111 -1014.99993896484375 -843.99993896484375 -671 -494.999969482421875 -331 -188 -146 -104.99999237060546875 -63 -22 0 -4 -10 -14 -16 -17 -21 -24 -30.000001907348632812 -35 -43 -49 -57 -63 -71 -79 -92 -103 -103 -102 -102 -104.99999237060546875 -107.00000762939453125 -110
-1678.0001220703125 -1846.9998779296875 -2016 -2066 -2117 -2168 -2218 -2270 -2254 -2238 -2223 -2209 -2195 -2223 -2252 -2281 -2311 -2341 -2311 -2282 -2255 -2228 -2201 -2115 -2029.9998779296875 -1945.9998779296875 -1862.9998779296875 -1781 -1692 -1603.0001220703125 -1517 -1432 -1348 -1262 -1176 -1087 -996 -904 -743 -581 -417.999969482421875 -271 -144 -115 -85 -52.999996185302734375 -24 0 -10 -16 -17 -18 -18 -21 -27.000001907348632812 -32 -38 -47 -52 -57 -64 -70 -78 -95 -100 -99 -99 -99 -102 -105.99999237060546875 -109
-1920.0001220703125 -2072 -2223 -2256 -2290 -2324 -2358 -2393 -2374 -2355 -2336 -2319 -2302 -2319 -2337 -2355 -2375 -2394 -2357 -2323 -2287 -2254 -2221 -2121 -2023 -1926 -1829.9998779296875 -1734 -1628.0001220703125 -1525 -1423 -1322 -1223 -1140 -1056 -970 -882 -792 -641 -491 -341 -214.0000152587890625 -102 -85 -64 -43 -21 0 -12 -17 -18 -18 -17 -21 -27.000001907348632812 -33 -41 -49 -52.999996185302734375 -58 -63 -69 -75 -92 -94 -96 -97 -97 -101 -104.99999237060546875 -108.00000762939453125
-2164 -2296 -2428 -2446 -2462 -2479 -2498 -2516 -2493 -2471 -2449 -2429 -2408 -2415 -2421 -2430 -2437 -2447 -2405 -2362 -2321 -2281 -2242 -2129 -2017 -1904.9998779296875 -1795.0001220703125 -1686 -1566 -1447 -1329 -1213 -1098 -1017 -935.00006103515625 -851 -766 -678 -540 -399 -272 -165 -62 -56 -46 -33 -19 -3 -14 -18 -19 -18 -15.000000953674316406 -20 -26 -34 -42 -52 -54.000003814697265625 -58 -63 -67 -72 -88 -91 -92 -94 -96 -100 -104 -108.00000762939453125
-2407 -2520 -2635 -2634 -2635 -2636 -2637 -2639 -2613 -2587 -2562 -2538 -2515 -2510 -2507 -2504 -2501 -2500 -2451 -2402 -2355 -2308 -2262 -2135 -2009 -1885 -1761 -1637.9998779296875 -1503 -1369 -1236 -1104 -972.99993896484375 -893 -814.00006103515625 -733 -650 -566 -439 -311 -203 -115 -26 -29 -27.000001907348632812 -23 -17 -6 -14 -17 -17 -17 -13 -19 -25 -33 -43 -52.999996185302734375 -56 -58 -61 -64 -68 -83 -87 -89 -91 -93 -97 -102 -107.00000762939453125
-2650 -2745 -2841 -2824 -2808 -2792 -2777 -2762 -2733 -2704 -2675 -2648 -2622 -2607 -2592 -2578 -2565 -2553 -2497 -2441 -2388 -2335 -2282 -2142 -2003.0001220703125 -1865 -1728.0001220703125 -1591 -1441 -1292 -1143 -995 -847 -771 -692 -614 -534 -454 -339 -224 -136 -65 0 -7 -13 -14 -14 -9 -15.000000953674316406 -16 -15.000000953674316406 -13 -9 -16 -23 -32 -43 -55 -56 -58 -58.999996185302734375 -62 -64 -79 -83 -85 -88 -91 -96 -101 -105.99999237060546875
-2747 -2826 -2904 -2888 -2872 -2857 -2841 -2828 -2782 -2735 -2691 -2646 -2603 -2537 -2472 -2408 -2345 -2282 -2205 -2130 -2055 -1981 -1909 -1790 -1674 -1558 -1443 -1329 -1210 -1092 -974 -857 -739 -665 -591 -515 -439 -361 -260 -176 -114 -56 -2 -13 -16 -18 -16 -11 -16 -18 -18 -17 -14 -22 -31 -41 -52 -63 -63 -63 -64 -64 -65 -78 -81 -84 -86 -87 -92 -98 -104
