testcase/dijle/glg_0_cm.asc
ncols        125
nrows        200
xllcorner    168000.000000000000
yllcorner    166500.000000000000
cellsize     20.000000000000
NODATA_value -3.4028234663852885981e+38
[rows 96 to 127 of 200, columns 0 to 70 of 125]
-3806.000244140625 -3841.999755859375 -3878 -3859.999755859375 -3841.999755859375 -3823 -3806.000244140625 -3790.000244140625 -3777 -3764 -3750.999755859375 -3741 -3730 -3622 -3515.000244140625 -3409 -3304 -3200 -3085 -2972 -2859 -2748 -2639 -2439 -2243 -2048 -1856 -1666 -1532 -1397 -1260 -1120 -978 -854 -729 -602 -473 -344 -262 -200 -137 -71 -3 -15.000000953674316406 -19 -19 -18 -16 -24 -32 -40 -48 -57 -64 -71 -78 -85 -91 -107.00000762939453125 -124 -130 -136 -143 -149 -155 -162 -168 -171 -171 -170 -167
-3957 -3979 -4002 -3995 -3989 -3983.000244140625 -3978 -3974.000244140625 -3928 -3882 -3837 -3791.999755859375 -3750 -3618.999755859375 -3491 -3363 -3237 -3111 -3012 -2914 -2816 -2721 -2627 -2444 -2264 -2085 -1910 -1737.0001220703125 -1597 -1457 -1314 -1169 -1021 -893.99993896484375 -765 -636 -505.000030517578125 -373 -287 -220 -151 -79 -6 -17 -20 -20 -19 -16 -24 -32 -40 -48 -57 -64 -72 -78 -86 -91 -107.00000762939453125 -123 -129 -135 -141 -147 -153 -159 -165 -167 -168 -167 -164
-3975 -3991.999755859375 -4009.999755859375 -3988 -3966.999755859375 -3948 -3928 -3908.000244140625 -3857 -3806.000244140625 -3756.000244140625 -3706.000244140625 -3658.000244140625 -3538 -3420 -3302 -3185 -3069 -2973 -2878 -2784 -2691 -2600 -2425 -2254 -2084 -1918 -1754.0001220703125 -1619 -1482 -1344 -1203 -1058 -914.99993896484375 -771 -625 -478.000030517578125 -331 -254 -195 -132 -69 -4 -15.000000953674316406 -19 -19 -19 -17 -25 -33 -42 -50 -58 -66 -73 -79 -86 -92 -108.00000762939453125 -122 -128 -134 -139 -145 -151 -158 -162 -163 -163 -163 -161
-3991.999755859375 -4005 -4016.999755859375 -3982 -3947 -3912 -3878 -3845 -3787 -3731.000244140625 -3674.000244140625 -3620 -3565.000244140625 -3456.000244140625 -3347 -3240.000244140625 -3134 -3028 -2935 -2843 -2751 -2662 -2573 -2408 -2245 -2084 -1927 -1770.9998779296875 -1640 -1508 -1374 -1235 -1094 -935.99993896484375 -775 -613 -451.000030517578125 -289 -223 -171 -116.99999237060546875 -58.999996185302734375 -2 -15.000000953674316406 -18 -19 -19 -18 -26 -34 -43 -52 -60.000003814697265625 -67 -74 -81 -88 -93 -109 -122 -127 -132 -137 -143 -148 -154 -158 -159 -158 -156 -152
-4009.999755859375 -4016.999755859375 -4025 -3975 -3925.999755859375 -3875.999755859375 -3828 -3780 -3716.999755859375 -3655 -3593.999755859375 -3533.000244140625 -3474.000244140625 -3375 -3275.999755859375 -3179 -3083 -2988 -2898 -2808 -2720 -2632 -2547 -2392 -2237 -2085 -1936 -1790 -1661 -1534 -1403 -1269 -1131 -955 -778 -600 -419.999969482421875 -252 -199 -150 -101 -52 -2 -14 -18 -20 -19 -19 -28 -36 -44 -52 -61 -68 -76 -83 -89 -95 -113 -122 -126 -131 -136 -141 -146 -150 -155 -156 -154 -151 -146
-4029 -4030 -4032 -3968 -3904 -3841 -3778 -3716 -3647 -3580 -3513 -3447 -3382 -3293 -3205 -3118 -3033 -2948 -2860 -2774 -2689 -2604 -2521 -2375 -2230 -2087 -1946.9998779296875 -1809 -1684 -1560 -1432 -1300 -1166 -975 -781 -586 -392 -215.0000152587890625 -172 -130 -87 -43 -1 -14 -18 -20 -21 -20 -29 -38 -46 -54.000003814697265625 -63 -70 -77 -84 -91 -97 -113 -120.00000762939453125 -125 -130 -134 -139 -143 -147 -150 -153 -152 -148 -142
-4047 -4043 -4040.000244140625 -3962 -3883.000244140625 -3806.000244140625 -3728 -3652 -3578 -3505 -3432 -3361 -3291 -3212 -3135 -3058 -2982 -2908 -2823 -2740 -2658 -2577 -2497 -2360 -2224 -2090 -1959 -1829.0001220703125 -1707 -1585 -1461 -1333 -1201 -993.99993896484375 -783 -571 -367 -182 -144 -107.00000762939453125 -71 -35 -0 -13 -17 -20 -21 -22 -31 -40 -48 -56 -64 -71 -78 -86 -93 -99 -114 -119.00000762939453125 -124 -129 -133 -138 -141 -144 -147 -148 -149 -147 -139
-3961 -3931.000244140625 -3900.999755859375 -3787 -3675 -3564 -3452 -3341.999755859375 -3280 -3216.999755859375 -3156 -3095 -3036 -2977 -2919 -2862 -2806 -2752 -2669 -2588 -2508 -2429 -2351 -2232 -2114 -1999 -1885 -1773 -1662.9998779296875 -1553 -1442 -1326 -1207 -1003 -796 -586 -390 -209.9999847412109375 -169 -127 -85 -44 -2 -14 -18 -20 -21 -21 -30.000001907348632812 -38 -46 -52.999996185302734375 -60.000003814697265625 -68 -77 -85 -94 -104 -114 -117.99999237060546875 -123 -128 -133 -137 -140 -143 -144 -145 -145 -144 -139
-3874.000244140625 -3816.999755859375 -3759.999755859375 -3614 -3468 -3321 -3177 -3033 -2980 -2929 -2879 -2829 -2780 -2742 -2704 -2667 -2631 -2596 -2516 -2436 -2359 -2282 -2207 -2106 -2004.9998779296875 -1908 -1812.0001220703125 -1718 -1620.0001220703125 -1522 -1422 -1320 -1214 -1013 -809 -603 -412 -236.9999847412109375 -191 -145 -99 -52 -4 -15.000000953674316406 -19 -20 -20 -20 -28 -35 -43 -50 -57 -67 -75 -84 -94 -104 -111 -116 -121 -127 -132 -136 -138 -141 -142 -142 -142 -141 -135
-3788 -3704 -3620 -3440.000244140625 -3259 -3080 -2901 -2724 -2682 -2642 -2603 -2564 -2526 -2507 -2488 -2471 -2455 -2441 -2362 -2285 -2209 -2134 -2061 -1978.0001220703125 -1896.9998779296875 -1817 -1739 -1662.0001220703125 -1578 -1491 -1404 -1313 -1221 -1022.99993896484375 -822.99993896484375 -621 -434 -263 -214.0000152587890625 -163 -112 -60.000003814697265625 -7 -16 -19 -20 -20 -19 -27.000001907348632812 -34 -41 -47 -52.999996185302734375 -63 -74 -83 -93 -103 -110 -115 -120.00000762939453125 -125 -130 -134 -135 -137 -139 -140 -141 -136 -127
-3702 -3591 -3480 -3265.000244140625 -3052 -2839 -2626 -2415 -2385 -2354 -2326 -2298 -2271 -2272 -2273 -2276 -2280 -2285 -2208 -2134 -2059 -1987.0001220703125 -1917 -1851 -1787.9998779296875 -1727 -1666 -1607 -1535 -1461 -1386 -1308 -1229 -1035 -838 -640 -456 -290 -235.9999847412109375 -181 -126 -68 -9 -17 -20 -21 -21 -19 -26 -32 -39 -44 -51 -60.000003814697265625 -71 -82 -92 -103 -109 -114 -120.00000762939453125 -124 -128 -131 -132 -132 -133 -133 -133 -127 -120.00000762939453125
-3616 -3478 -3340.000244140625 -3092 -2844 -2597 -2351 -2106 -2086 -2068 -2050 -2033 -2016 -2037.0001220703125 -2058 -2081 -2104 -2130 -2055 -1983 -1910 -1841 -1770.9998779296875 -1725 -1679.0001220703125 -1636 -1593 -1552 -1492 -1431 -1369 -1304 -1238 -1047 -854 -659 -479 -316 -259 -200 -139 -77 -12 -20 -22 -22 -21 -19 -25 -31 -37 -42 -47 -58 -69 -80 -90 -102 -108.00000762939453125 -114 -119.00000762939453125 -124 -126 -128 -129 -127 -127 -126 -124 -120.00000762939453125 -114
-3641 -3509 -3377 -3146 -2915 -2685 -2455 -2227 -2181 -2137 -2093 -2050 -2007 -2011 -2016 -2020.9998779296875 -2027 -2034 -1964 -1894 -1825 -1759 -1693 -1632 -1570 -1511 -1452 -1394 -1341 -1286 -1229 -1170 -1109 -935.99993896484375 -759 -580 -417 -270 -221 -171 -119.00000762939453125 -65 -9 -18 -22 -26 -28 -28 -34 -39 -43 -46 -50 -60.000003814697265625 -70 -80 -90 -100 -107.00000762939453125 -114 -117.99999237060546875 -119.00000762939453125 -120.00000762939453125 -120.00000762939453125 -119.00000762939453125 -117.99999237060546875 -116 -115 -111 -108.00000762939453125 -102
-3664 -3539 -3415.000244140625 -3200.999755859375 -2987 -2773 -2560 -2348 -2277 -2206 -2136 -2068 -1999 -1985 -1971.9998779296875 -1959 -1948 -1939 -1870.9998779296875 -1804.9998779296875 -1741 -1678.0001220703125 -1616 -1538 -1461 -1385 -1311 -1237 -1189 -1141 -1090 -1037 -983 -826 -665 -502 -356 -225 -185 -142 -99 -52.999996185302734375 -6 -18 -25 -31 -36 -39 -43 -47 -49 -52 -52.999996185302734375 -62 -71 -80 -89 -99 -104.99999237060546875 -111 -114 -114 -113 -112 -111 -109 -105.99999237060546875 -104 -100 -96 -92
-3688 -3570 -3453 -3255 -3058 -2862 -2665 -2470 -2373 -2276 -2180 -2085 -1991 -1959 -1928.0001220703125 -1899 -1870.0001220703125 -1842 -1779.0001220703125 -1717 -1656 -1597 -1539 -1444 -1351 -1260 -1169 -1079 -1038 -995 -952.00006103515625 -906.00006103515625 -857 -715 -571 -425 -296 -182 -149 -115 -79 -42 -4 -18 -27.000001907348632812 -36 -44 -51 -52.999996185302734375 -54.000003814697265625 -56 -56 -57 -65 -72 -80 -88 -96 -101 -104.99999237060546875 -109 -108.00000762939453125 -107.00000762939453125 -104.99999237060546875 -103 -101 -97 -94 -90 -86 -81
-3712 -3600.999755859375 -3491 -3309.999755859375 -3129 -2950 -2770 -2592 -2469 -2346 -2224 -2103 -1983 -1933 -1886 -1837.9998779296875 -1793 -1746.9998779296875 -1687.9998779296875 -1629.0001220703125 -1571 -1515 -1461 -1351 -1242 -1135 -1029 -922.99993896484375 -887 -852.00006103515625 -814.00006103515625 -775 -733 -607 -479 -349 -234.9999847412109375 -138 -114 -88 -61 -32 -2 -17 -29 -41 -52.999996185302734375 -63 -63 -63 -62 -62 -60.000003814697265625 -67 -74 -80 -86 -93 -97 -102 -104.99999237060546875 -103 -101 -98 -96 -92 -89 -85 -82 -77 -71
-3734.999755859375 -3632 -3529 -3365.000244140625 -3202 -3038 -2875 -2714 -2565 -2416 -2268 -2121 -1975 -1908 -1843 -1778.0001220703125 -1715 -1652 -1596 -1541 -1486 -1434 -1383 -1257 -1132 -1009 -887 -766 -738 -709 -678 -645 -608 -498.999969482421875 -388 -274 -176 -95 -79 -61 -43 -22 -0 -18 -33 -47 -61 -75 -74 -72 -70 -67 -64 -69 -75 -79 -83 -86 -94 -99 -101 -98 -95 -93 -89 -86 -81 -77 -73 -68 -62
-3697 -3598 -3500 -3353 -3208.000244140625 -3063 -2918 -2775 -2647 -2520 -2394 -2268 -2143 -2080 -2017 -1954.9998779296875 -1894 -1835 -1777 -1720.9998779296875 -1666 -1612.9998779296875 -1561 -1436 -1312 -1190 -1070 -950 -910.00006103515625 -868 -824 -776 -727 -600 -469.999969482421875 -338 -223 -123 -102 -79 -54.000003814697265625 -27.000001907348632812 -0 -18 -33 -47 -62 -76 -74 -72 -70 -66 -63 -69 -73 -78 -81 -85 -92 -100 -100 -98 -96 -94 -91 -87 -84 -80 -77 -72 -67
-3658.000244140625 -3565.000244140625 -3470 -3343 -3215.000244140625 -3089 -2962 -2836 -2730 -2625 -2520 -2416 -2313 -2252 -2192 -2133 -2074 -2017 -1959 -1903.0001220703125 -1846.9998779296875 -1793 -1741 -1616 -1492 -1371 -1252 -1135 -1082 -1027 -971 -910.00006103515625 -846 -701 -554 -404 -270 -152 -125 -95 -64 -33 0 -18 -33 -47 -62 -76 -75 -73 -70 -67 -62 -68 -73 -77 -81 -83 -92 -99 -100 -99 -98 -96 -93 -91 -87 -84 -80 -77 -73
-3622 -3532 -3441.999755859375 -3332 -3222 -3114 -3005 -2897 -2814 -2730 -2646 -2565 -2483 -2425 -2367 -2310 -2254 -2200 -2142 -2084 -2028.0001220703125 -1974 -1920.0001220703125 -1795.9998779296875 -1674 -1553 -1437 -1320 -1256 -1189 -1118 -1044 -966 -803 -637 -469.999969482421875 -318 -181 -147 -112 -75 -37 -0 -17 -32 -48 -62 -77 -75 -74 -71 -67 -63 -68 -74 -78 -81 -84 -92 -100 -102 -101 -100 -98 -96 -93 -91 -88 -85 -81 -79
-3587 -3500 -3414 -3323 -3231.000244140625 -3140 -3049 -2959 -2897 -2835 -2774 -2713 -2654 -2598 -2543 -2489 -2435 -2383 -2324 -2266 -2209 -2154 -2101 -1976 -1854.9998779296875 -1737.0001220703125 -1620.9998779296875 -1508 -1431 -1352 -1267 -1179 -1087 -905 -722 -536 -365 -209.9999847412109375 -169 -128 -85 -42 0 -17 -32 -48 -63 -78 -77 -75 -72 -68 -63 -70 -75 -79 -82 -84 -93 -99 -104 -104 -103 -101 -99 -97 -95 -93 -90 -88 -84
-3550.999755859375 -3468.999755859375 -3387 -3313 -3239 -3166 -3094 -3022 -2980 -2941 -2901 -2862 -2824 -2771 -2718 -2667 -2616 -2567 -2507 -2448 -2392 -2336 -2282 -2159 -2040 -1921.9998779296875 -1809 -1696.9998779296875 -1608 -1514 -1416 -1313 -1208 -1008 -805 -602 -413 -239.0000152587890625 -192 -144 -95 -46 0 -15.000000953674316406 -31 -48 -64 -80 -78 -76 -73 -69 -64 -71 -77 -80 -84 -87 -94 -100 -104 -105.99999237060546875 -104.99999237060546875 -104 -102 -101 -99 -97 -95 -93 -91
-3474.000244140625 -3388 -3304 -3225 -3147 -3070 -2994 -2918 -2868 -2819 -2770 -2722 -2674 -2636 -2599 -2563 -2528 -2494 -2454 -2415 -2377 -2342 -2308 -2206 -2107 -2012.0001220703125 -1919 -1828.0001220703125 -1723 -1612.9998779296875 -1499 -1380 -1259 -1049 -838 -625 -426.000030517578125 -242 -196 -147 -99 -50 0 -17 -33 -48 -63 -78 -77 -76 -73 -68 -65 -71 -77 -83 -86 -90 -97 -101 -104.99999237060546875 -107.00000762939453125 -104.99999237060546875 -104 -102 -100 -99 -97 -95 -93 -91
-3396 -3308.000244140625 -3220 -3138 -3057 -2975 -2895 -2816 -2756 -2697 -2639 -2582 -2524 -2502 -2480 -2460 -2440 -2422 -2401 -2382 -2364 -2349 -2335 -2255 -2177 -2102 -2031 -1960 -1839 -1712.0001220703125 -1582 -1447 -1310 -1091 -871 -648 -439 -244 -198 -150 -102 -52 -1 -19 -34 -48 -63 -77 -76 -75 -73 -68 -64 -72 -78 -85 -89 -95 -102 -103 -104.99999237060546875 -105.99999237060546875 -104.99999237060546875 -104 -102 -100 -98 -96 -95 -93 -91
-3316.999755859375 -3227 -3138 -3051 -2966 -2880 -2796 -2712 -2643 -2576 -2509 -2442 -2376 -2369 -2363 -2357 -2353 -2350 -2350 -2350 -2353 -2357 -2364 -2304 -2248 -2195 -2144 -2092 -1954.0001220703125 -1811 -1664 -1513 -1359 -1132 -903 -671 -453.000030517578125 -247 -199 -151 -103 -54.000003814697265625 -4 -20 -35 -50 -63 -76 -75 -75 -73 -70 -65 -73 -81 -88 -93 -96 -101 -102 -104 -104.99999237060546875 -104.99999237060546875 -104 -102 -100 -98 -96 -95 -93 -91
-3239 -3146 -3054 -2965 -2875 -2786 -2698 -2610 -2532 -2455 -2378 -2303 -2227 -2236 -2245 -2255 -2266 -2279 -2299 -2320 -2342 -2366 -2394 -2356 -2321 -2289 -2257 -2224 -2069 -1908 -1745.0001220703125 -1579 -1410 -1174 -937 -697 -467 -247 -200 -153 -104.99999237060546875 -56 -6 -22 -37 -51 -63 -75 -76 -75 -74 -71 -66 -75 -83 -88 -91 -94 -100 -101 -103 -104 -104 -103 -102 -100 -98 -96 -95 -93 -91
-3161 -3066 -2972 -2878 -2784 -2692 -2600 -2508 -2421 -2334 -2250 -2164 -2080 -2103 -2129 -2154 -2181 -2209 -2248 -2290 -2332 -2378 -2426 -2409 -2395 -2383 -2370 -2355 -2182 -2007 -1827 -1645.0001220703125 -1460 -1215 -970 -723 -479 -244 -199 -153 -105.99999237060546875 -58 -9 -26 -40 -52 -64 -75 -77 -77 -75 -72 -69 -76 -81 -86 -89 -93 -99 -100 -102 -103 -103 -103 -101 -99 -98 -96 -95 -93 -92
-3104 -3015 -2927 -2841 -2757 -2672 -2588 -2506 -2425 -2345 -2265 -2185 -2107 -2109 -2111 -2115 -2119 -2125 -2173 -2225 -2279 -2335 -2394 -2377 -2363 -2349 -2334 -2316 -2159 -1996.9998779296875 -1833 -1667 -1498 -1265 -1031 -797 -562 -335 -268 -203 -138 -73 -6 -21 -34 -45 -55 -64 -69 -74 -77 -73 -69 -74 -78 -83 -87 -92 -98 -100 -101 -101 -102 -102 -100 -99 -98 -96 -95 -93 -92
-3048 -2964 -2882 -2805 -2729 -2653 -2578 -2504 -2429 -2355 -2282 -2208 -2137 -2115 -2095 -2075 -2058 -2040 -2100 -2162 -2226 -2292 -2362 -2345 -2330 -2315 -2298 -2278 -2134 -1987.9998779296875 -1840 -1687.9998779296875 -1535 -1315 -1093 -870 -647 -426.000030517578125 -334 -252 -170 -87 -4 -18 -28 -38 -46 -52.999996185302734375 -62 -71 -72 -69 -65 -70 -75 -80 -86 -91 -97 -99 -100 -101 -101 -101 -100 -99 -98 -96 -95 -93 -93
-2991 -2913 -2836 -2769 -2701 -2635 -2569 -2502 -2434 -2366 -2298 -2232 -2166 -2122 -2079 -2037.9998779296875 -1996.9998779296875 -1958 -2028.0001220703125 -2100 -2175 -2251 -2331 -2314 -2298 -2281 -2261 -2238 -2109 -1979.0001220703125 -1845.0001220703125 -1709 -1573 -1363 -1153 -942 -730 -518 -404 -301 -201 -102 -3 -15.000000953674316406 -24 -30.000001907348632812 -37 -42 -52.999996185302734375 -62 -63 -62 -62 -67 -73 -78 -84 -89 -96 -99 -99 -100 -100 -100 -100 -99 -98 -97 -95 -93 -93
-2933 -2863 -2792 -2733 -2674 -2616 -2559 -2502 -2439 -2377 -2316 -2256 -2196 -2130 -2065 -2000 -1937.9998779296875 -1876 -1957 -2039 -2124 -2211 -2301 -2283 -2265 -2245 -2223 -2199 -2085 -1968 -1850 -1731 -1609 -1411 -1212 -1013 -813 -613 -473.999969482421875 -346 -231 -114 -0 -13 -19 -23 -27.000001907348632812 -31 -45 -52 -54.000003814697265625 -56 -58 -64 -70 -76 -81 -87 -93 -98 -98 -99 -99 -99 -99 -98 -98 -97 -94 -93 -93
-2876 -2812 -2748 -2697 -2647 -2599 -2550 -2502 -2446 -2390 -2335 -2281 -2227 -2139 -2051 -1965 -1879.9998779296875 -1796.9998779296875 -1887.0001220703125 -1979.9998779296875 -2075 -2173 -2272 -2252 -2231 -2209 -2184 -2158 -2058 -1957 -1854.9998779296875 -1750 -1644 -1458 -1271 -1083 -895 -707 -546 -396 -259 -126 0 -9 -14 -15.000000953674316406 -17 -18 -33 -39 -44 -50 -55 -61 -67 -74 -80 -86 -92 -97 -97 -98 -98 -98 -98 -98 -97 -96 -95 -93 -93
