testcase/dijle/glg_0_cm.asc
ncols        125
nrows        200
xllcorner    168000.000000000000
yllcorner    166500.000000000000
cellsize     20.000000000000
NODATA_value -3.4028234663852885981e+38
[rows 64 to 95 of 200, columns 0 to 70 of 125]
-2845 -2906 -2966 -2951 -2935 -2921 -2906 -2893 -2830 -2767 -2706 -2644 -2584 -2468 -2352 -2238 -2123 -2011 -1912.9998779296875 -1817 -1720.9998779296875 -1627 -1535 -1439 -1344 -1251 -1158 -1066 -979 -891 -805 -718 -631 -560 -488 -415 -342 -269 -188 -129 -87 -44 -3 -15.000000953674316406 -18 -19 -17 -13 -18 -19 -20 -20 -18 -28 -39 -49 -60.000003814697265625 -72 -70 -69 -68 -67 -66 -77 -79 -81 -83 -84 -89 -94 -100
-2943 -2986 -3030 -3014 -2999 -2985 -2971 -2959 -2879 -2799 -2721 -2643 -2566 -2398 -2232 -2067 -1903.0001220703125 -1737.9998779296875 -1620.9998779296875 -1504 -1389 -1274 -1160 -1087 -1014.99993896484375 -943.99993896484375 -874 -804 -748 -691 -635 -580 -524 -455.000030517578125 -385 -314 -245 -176 -125 -93 -63 -34 -3 -15.000000953674316406 -18 -19 -18 -14 -19 -22 -24 -24 -22 -34 -46 -57 -68 -80 -77 -74 -72 -69 -66 -77 -78 -79 -80 -81 -86 -91 -96
-3042 -3067 -3093 -3078 -3064 -3050 -3036 -3024 -2928 -2832 -2736 -2642 -2547 -2330 -2113 -1895.9998779296875 -1681 -1467 -1329 -1191 -1055 -920 -786 -735 -686 -637 -588 -541 -516 -491 -466 -441 -416 -349 -281 -213.0000152587890625 -145 -93 -72 -54.000003814697265625 -38 -22 -4 -16 -19 -20 -19 -16 -22 -27.000001907348632812 -29 -30.000001907348632812 -29 -42 -54.000003814697265625 -65 -76 -88 -84 -80 -77 -73 -69 -77 -77 -77 -77 -78 -83 -88 -93
-3139 -3147 -3156 -3141 -3128 -3114 -3102 -3090 -2976 -2864 -2751 -2640 -2528 -2260 -1993 -1726 -1461 -1196 -1036 -878 -722 -566 -412 -383 -355 -330 -304 -278 -284 -291 -297 -302 -307 -243 -179 -110 -55 -19 -15.000000953674316406 -14 -13 -12 -6 -17 -21 -23 -22 -20 -28 -34 -36 -38 -38 -50 -62 -73 -84 -96 -90 -85 -81 -77 -73 -76 -75 -75 -75 -74 -79 -84 -90
-3178 -3177 -3175 -3129 -3084 -3039 -2995 -2952 -2812 -2672 -2533 -2394 -2256 -2037.0001220703125 -1818 -1600 -1383 -1167 -1053 -941 -829 -720 -610 -588 -567 -548 -528 -509 -515 -521 -527 -531 -536 -436 -335 -230 -144 -78 -62 -47 -33 -19 -3 -15.000000953674316406 -19 -22 -23 -22 -31 -38 -41 -44 -45 -57 -68 -79 -90 -100 -97 -93 -90 -87 -84 -85 -83 -83 -81 -80 -85 -89 -94
-3216.999755859375 -3206.000244140625 -3194 -3117 -3041 -2964 -2889 -2814 -2647 -2481 -2314 -2149 -1985 -1812.9998779296875 -1643 -1473 -1305 -1137 -1070 -1003 -935.99993896484375 -872 -809 -793 -779 -765 -752 -740 -746 -752 -757 -761 -765 -629 -492 -354 -233.9999847412109375 -134 -107.00000762939453125 -81 -54.000003814697265625 -27.000001907348632812 -0 -14 -19 -23 -27.000001907348632812 -28 -38 -45 -48 -51 -52.999996185302734375 -64 -74 -85 -95 -104.99999237060546875 -103 -101 -98 -96 -94 -93 -92 -90 -89 -87 -91 -95 -98
-3256.000244140625 -3234 -3213 -3105 -2997 -2889 -2782 -2677 -2482 -2289 -2096 -1904.0001220703125 -1712.0001220703125 -1589 -1468 -1348 -1228 -1109 -1086 -1065 -1044 -1025 -1007 -997.99993896484375 -989.99993896484375 -983 -976 -971 -976 -982 -987 -991 -995 -824 -651 -477 -323 -191 -153 -113 -74 -36 0 -12 -19 -24 -31 -40 -49 -54.000003814697265625 -58.999996185302734375 -58.999996185302734375 -60.000003814697265625 -71 -81 -91 -100 -110 -109 -107.00000762939453125 -107.00000762939453125 -104.99999237060546875 -104 -102 -101 -98 -96 -93 -97 -100 -104
-3295 -3263 -3232 -3093 -2953 -2815 -2677 -2539 -2318 -2098 -1877 -1658 -1440 -1366 -1293 -1221 -1150 -1079 -1102 -1126 -1151 -1178 -1206 -1202 -1202 -1201 -1200 -1202 -1207 -1212 -1218 -1222 -1225 -1018.99993896484375 -810.99993896484375 -602 -414 -248 -198 -147 -95 -44 0 -11 -17 -24 -36 -38 -42 -49 -60.000003814697265625 -64 -68 -78 -89 -98 -105.99999237060546875 -115 -115 -115 -115 -115 -114 -112 -109 -105.99999237060546875 -103 -100 -103 -105.99999237060546875 -109
-3334 -3291.999755859375 -3250.999755859375 -3080 -2910 -2740 -2571 -2401 -2153 -1906 -1659 -1413 -1168 -1142 -1118 -1095 -1072 -1050 -1119 -1187 -1258 -1330 -1404 -1407 -1412 -1418 -1425 -1432 -1438 -1443 -1448 -1452 -1455 -1214 -972 -728 -506 -306 -244 -180 -116.99999237060546875 -51 0 -6 -13 -17 -21 -23 -32 -42 -52 -60.000003814697265625 -67 -77 -88 -101 -111 -120.00000762939453125 -121 -123 -125 -125 -124 -121 -116.99999237060546875 -114 -110 -105.99999237060546875 -108.00000762939453125 -111 -113
-3268.999755859375 -3213 -3158 -2984 -2812 -2639 -2467 -2296 -2058 -1819 -1582 -1345 -1109 -1144 -1180 -1216 -1253 -1293 -1354 -1418 -1483 -1549 -1617 -1623 -1629.9998779296875 -1637.9998779296875 -1645.9998779296875 -1654.9998779296875 -1607 -1558 -1508 -1458 -1407 -1158 -909 -658 -429 -224 -181 -136 -89 -40 0 -10 -16 -20 -24 -27.000001907348632812 -33 -40 -47 -52 -57 -69 -81 -93 -104.99999237060546875 -115 -117.99999237060546875 -123 -127 -128 -128 -125 -122 -119.00000762939453125 -115 -112 -113 -116 -119.00000762939453125
-3205 -3134 -3064 -2889 -2714 -2538 -2364 -2191 -1962.0001220703125 -1733 -1505 -1278 -1050 -1146 -1241 -1337 -1436 -1534 -1590 -1648 -1707 -1769 -1831 -1837.9998779296875 -1845.9998779296875 -1857 -1868 -1879.0001220703125 -1776 -1673 -1569 -1464 -1359 -1102 -845 -587 -354 -144 -121 -93 -63 -29 0 -12 -18 -23 -28 -31 -35 -39 -42 -46 -48 -61 -74 -86 -98 -110 -116 -121 -126 -129 -131 -129 -126 -124 -120.00000762939453125 -116.99999237060546875 -119.00000762939453125 -122 -124
-3141 -3056 -2971 -2793 -2615 -2439 -2262 -2085 -1865 -1645.9998779296875 -1427 -1210 -993 -1147 -1302 -1460 -1617 -1776 -1827 -1878.0001220703125 -1932 -1987.0001220703125 -2044 -2053 -2064 -2076 -2089 -2102 -1945.0001220703125 -1787.9998779296875 -1629.0001220703125 -1470 -1311 -1047 -782 -518 -280 -69 -65 -54.000003814697265625 -39 -19 0 -12 -20 -25 -31 -38 -38 -39 -39 -40 -39 -52.999996185302734375 -66 -80 -93 -107.00000762939453125 -113 -120.00000762939453125 -127 -132 -134 -132 -130 -127 -125 -122 -124 -127 -128
-3078 -2978 -2878 -2698 -2518 -2339 -2159 -1981 -1770.0001220703125 -1559 -1351 -1141 -934 -1149 -1365 -1581 -1799 -2018 -2063 -2110 -2157 -2207 -2257 -2268 -2280 -2295 -2310 -2326 -2114 -1902 -1689 -1475 -1262 -989.99993896484375 -719 -446.999969482421875 -208.9999847412109375 -4 -17 -20 -18 -12 0 -13 -21 -28 -36 -44 -41 -39 -37 -34 -31 -46 -61 -75 -88 -102 -111 -120.00000762939453125 -128 -137 -139 -136 -134 -132 -131 -128 -129 -131 -133
-3015 -2900 -2785 -2603 -2420 -2238 -2056 -1875 -1674 -1474 -1273 -1074 -876 -1151 -1426 -1704.0001220703125 -1981 -2260 -2300 -2341 -2382 -2425 -2471 -2483 -2497 -2513 -2530 -2548 -2283 -2016 -1749 -1480 -1211 -932 -653 -376 -135 0 0 0 0 -3 0 -14 -22 -31 -41 -51 -45 -41 -35 -30.000001907348632812 -24 -39 -54.000003814697265625 -69 -84 -99 -109 -119.00000762939453125 -129 -140 -141 -140 -139 -137 -135 -134 -135 -136 -138
-2815 -2680 -2547 -2388 -2230 -2072 -1915 -1758 -1646.9998779296875 -1535 -1426 -1316 -1208 -1452 -1695.9998779296875 -1941 -2187 -2436 -2463 -2493 -2525 -2557 -2592 -2582 -2573 -2567 -2561 -2558 -2294 -2029.9998779296875 -1765 -1498 -1232 -958 -684 -411 -174 0 -1 -9 -12 -10 -0 -14 -21 -28 -37 -44 -40 -35 -31 -27.000001907348632812 -22 -37 -52 -67 -82 -97 -108.00000762939453125 -119.00000762939453125 -129 -140 -141 -140 -140 -139 -138 -137 -136 -134 -131
-2613 -2461 -2308 -2174 -2040 -1906 -1774 -1641 -1619 -1598 -1578 -1559 -1541 -1753.0001220703125 -1966 -2180 -2395 -2611 -2628 -2647 -2668 -2690 -2713 -2680 -2649 -2620 -2592 -2566 -2305 -2043 -1779.0001220703125 -1515 -1251 -982 -713 -444 -206 -1 -14 -18 -17 -13 0 -14 -20 -26 -32 -38 -35 -31 -28 -25 -22 -36 -50 -65 -80 -96 -107.00000762939453125 -117.99999237060546875 -128 -139 -141 -141 -141 -141 -141 -140 -136 -131 -126
-2412 -2241 -2071 -1960 -1850 -1741 -1631 -1523 -1591 -1661 -1731 -1802 -1873 -2054 -2235 -2418 -2602 -2787 -2793 -2802 -2811 -2822 -2835 -2780 -2726 -2674 -2623 -2574 -2316 -2055 -1794 -1532 -1269 -1004 -740 -473.999969482421875 -234.9999847412109375 -21 -28 -26 -21 -13 0 -12 -18 -23 -27.000001907348632812 -32 -29 -26 -25 -22 -20 -35 -49 -63 -79 -94 -104.99999237060546875 -116.99999237060546875 -129 -140 -142 -143 -143 -144 -144 -144 -136 -129 -120.00000762939453125
-2212 -2021.9998779296875 -1832 -1745.9998779296875 -1661 -1575 -1490 -1405 -1564 -1724 -1884 -2044 -2206 -2356 -2505 -2656 -2809 -2961 -2958 -2956 -2954 -2955 -2956 -2878 -2802 -2728 -2654 -2582 -2325 -2067 -1807 -1547 -1285 -1026 -765 -503.000030517578125 -266 -51 -47 -39 -28 -14 0 -11 -17 -19 -23 -25 -24 -23 -22 -20 -20 -33 -48 -63 -77 -92 -104.99999237060546875 -116 -128 -139 -142 -144 -146 -147 -147 -148 -137 -127 -116.99999237060546875
-2011 -1802 -1594 -1532 -1471 -1409 -1348 -1288 -1537 -1786 -2036 -2287 -2539 -2656 -2775 -2895 -3016 -3137 -3122 -3109 -3098 -3087 -3078 -2978 -2879 -2782 -2685 -2590 -2335 -2078 -1820.0001220703125 -1562 -1302 -1047 -790 -533 -298 -86 -71 -54.000003814697265625 -36 -15.000000953674316406 0 -8 -14 -16 -18 -19 -19 -19 -18 -18 -19 -33 -46 -61 -76 -91 -103 -116 -128 -139 -144 -146 -148 -150 -151 -153 -140 -127 -113
-1984 -1842 -1700 -1666 -1633 -1599 -1566 -1534 -1767 -2001 -2235 -2471 -2707 -2808 -2910 -3013 -3118 -3223 -3199 -3176 -3155 -3134 -3116 -2999 -2883 -2769 -2656 -2544 -2293 -2042 -1790 -1538 -1284 -1039 -794 -547 -322 -119.00000762939453125 -97 -73 -47 -20 0 -10 -16 -18 -18 -19 -20 -20 -21 -21 -22 -35 -49 -62 -76 -90 -102 -114 -125 -134 -142 -145 -148 -151 -154 -156 -144 -131 -117.99999237060546875
-1957 -1882 -1808 -1801 -1795.0001220703125 -1789 -1784 -1779.9998779296875 -1998 -2216 -2434 -2654 -2874 -2960 -3045 -3132 -3218.999755859375 -3309 -3275 -3243 -3212 -3182 -3154 -3021 -2888 -2757 -2626 -2496 -2252 -2007 -1761 -1514 -1266 -1033 -799 -561 -346 -153 -123 -93 -61 -27.000001907348632812 0 -11 -17 -19 -19 -19 -19 -21 -22 -25 -26 -38 -50 -63 -76 -89 -101 -112 -123 -132 -139 -144 -148 -152 -156 -160 -148 -136 -124
-1929.9998779296875 -1921.9998779296875 -1914 -1936 -1957 -1979.9998779296875 -2002 -2025 -2228 -2430 -2634 -2838 -3043 -3111 -3180 -3250.999755859375 -3322 -3393.999755859375 -3350.999755859375 -3309 -3268.999755859375 -3229 -3192 -3042 -2892 -2744 -2596 -2449 -2211 -1970.9998779296875 -1732 -1491 -1248 -1026 -802.00006103515625 -577 -372 -189 -152 -114 -74 -34 0 -11 -17 -19 -18 -18 -20 -21 -25 -27.000001907348632812 -30.000001907348632812 -41 -52.999996185302734375 -64 -76 -88 -100 -111 -122 -131 -138 -143 -149 -154 -159 -164 -153 -140 -128
-1904.0001220703125 -1962.0001220703125 -2020.9998779296875 -2070 -2119 -2170 -2220 -2271 -2458 -2645 -2833 -3022 -3211 -3263 -3315.000244140625 -3368.999755859375 -3424.000244140625 -3480 -3427 -3375.999755859375 -3325.999755859375 -3277 -3230 -3062 -2896 -2730 -2566 -2401 -2169 -1936 -1702 -1467 -1231 -1020 -807 -593 -399 -225 -180 -136 -89 -42 0 -12 -17 -19 -19 -17 -20 -23 -26 -30.000001907348632812 -34 -45 -55 -65 -76 -87 -99 -111 -122 -132 -137 -144 -150 -156 -163 -169 -157 -145 -133
-1877 -2002 -2127 -2204 -2281 -2360 -2438 -2517 -2688 -2860 -3032 -3205 -3379 -3414 -3450.999755859375 -3487 -3525.999755859375 -3566 -3503 -3441.999755859375 -3382 -3325 -3266.999755859375 -3083 -2899 -2718 -2536 -2355 -2128 -1901 -1674 -1445 -1215 -1014.00006103515625 -813 -610 -426.000030517578125 -262 -209.9999847412109375 -157 -104.99999237060546875 -51 0 -12 -17 -18 -17 -16 -20 -24 -28 -33 -38 -48 -57 -67 -77 -87 -99 -110 -122 -132 -135 -144 -152 -159 -167 -174 -163 -150 -138
-2143 -2260 -2379 -2426 -2476 -2524 -2574 -2625 -2785 -2946 -3108 -3270 -3434 -3458.000244140625 -3482 -3509 -3536 -3564 -3479 -3396 -3314 -3232 -3153 -2952 -2752 -2554 -2357 -2160 -1956 -1752 -1546 -1340 -1132 -947.99993896484375 -763 -576 -407.000030517578125 -259 -207 -155 -103 -50 0 -12 -17 -19 -18 -17 -21 -26 -31 -35 -41 -50 -58.999996185302734375 -69 -77 -87 -100 -113 -123 -134 -138 -145 -153 -162 -169 -176 -168 -158 -148
-2408 -2519 -2629 -2649 -2669 -2689 -2711 -2732 -2882 -3033 -3184 -3334.999755859375 -3489 -3500.999755859375 -3515.000244140625 -3531.000244140625 -3546 -3564 -3456.000244140625 -3349.000244140625 -3243.999755859375 -3140 -3038 -2821 -2606 -2391 -2178 -1965 -1784 -1602 -1419 -1235 -1049 -882 -714 -542 -389 -256 -204 -153 -101 -49 0 -13 -18 -19 -18 -17 -23 -27.000001907348632812 -33 -38 -45 -52 -61 -70 -78 -87 -101 -115 -126 -136 -141 -148 -156 -164 -171 -179 -176 -167 -154
-2674 -2777 -2880 -2871 -2863 -2855 -2847 -2841 -2980 -3119 -3259.999755859375 -3400.999755859375 -3543 -3545 -3548 -3550.999755859375 -3557 -3562 -3432 -3302 -3175 -3048 -2923 -2690 -2458 -2228 -1999 -1770.0001220703125 -1612.0001220703125 -1453 -1293 -1131 -968 -817 -666 -511 -373 -253 -201 -150 -100 -49 0 -13 -18 -19 -19 -18 -24 -29 -36 -41 -47 -55 -63 -72 -79 -87 -102 -116.99999237060546875 -131 -139 -143 -151 -158 -166 -174 -183 -179 -168 -155
-2940 -3036 -3131 -3093 -3056 -3020 -2984 -2948 -3077 -3206.000244140625 -3336 -3466 -3598 -3589 -3580 -3573 -3566 -3562 -3407 -3255 -3105 -2956 -2808 -2559 -2311 -2065 -1820.9998779296875 -1575 -1440 -1304 -1167 -1028 -887 -754 -619 -481 -356 -248 -197 -148 -98 -49 -0 -14 -18 -20 -20 -18 -26 -32 -39 -45 -51 -58 -66 -73 -80 -88 -103 -117.99999237060546875 -132 -140 -145 -153 -160 -168 -176 -183 -177 -170 -160
-3205 -3293.999755859375 -3382 -3316 -3250 -3185 -3121 -3056 -3175 -3293 -3412 -3532 -3653 -3632 -3613 -3593.999755859375 -3577 -3559.999755859375 -3384 -3208.000244140625 -3036 -2863 -2693 -2428 -2164 -1902 -1641 -1381 -1269 -1155 -1041 -925 -807 -691 -574 -455.000030517578125 -338 -238.0000152587890625 -191 -144 -98 -50 -1 -14 -20 -21 -22 -20 -28 -35 -42 -48 -55 -62 -69 -75 -82 -88 -104.99999237060546875 -120.00000762939453125 -134 -141 -148 -154 -162 -170 -180 -182 -178 -174 -168
-3356.000244140625 -3430 -3506.000244140625 -3450.999755859375 -3397 -3345 -3291.999755859375 -3240.000244140625 -3325 -3409.999755859375 -3497 -3584 -3672 -3629 -3588 -3548 -3508.000244140625 -3470 -3309 -3149 -2991 -2834 -2678 -2430 -2183 -1937.9998779296875 -1695.0001220703125 -1452 -1334 -1216 -1095 -972.99993896484375 -850 -732 -613 -492.999969482421875 -370 -262 -207 -156 -104.99999237060546875 -54.000003814697265625 -0 -14 -18 -20 -19 -19 -26 -34 -41 -48 -55 -62 -69 -76 -82 -89 -105.99999237060546875 -121 -134 -140 -147 -154 -161 -169 -179 -179 -176 -173 -168
-3505 -3566.999755859375 -3629 -3587 -3545 -3505 -3464 -3423 -3475.999755859375 -3528 -3582 -3636 -3691 -3625.999755859375 -3563 -3500.999755859375 -3440.000244140625 -3380 -3234 -3089 -2946 -2805 -2665 -2433 -2203 -1975 -1749 -1524 -1400 -1276 -1151 -1022 -893 -773 -652 -530 -407.000030517578125 -287 -220 -168 -114 -58 -0 -14 -18 -19 -19 -18 -25 -33 -40 -48 -55 -62 -69 -77 -83 -90 -107.00000762939453125 -124 -134 -139 -146 -152 -160 -168 -177 -177 -176 -174 -171
-3656.000244140625 -3705 -3754 -3724.000244140625 -3693.999755859375 -3663 -3634 -3606.000244140625 -3625.999755859375 -3646 -3666.999755859375 -3688 -3709.999755859375 -3624.000244140625 -3539 -3454 -3371 -3289 -3159 -3030 -2903 -2776 -2651 -2436 -2222 -2012.0001220703125 -1803.0001220703125 -1595 -1466 -1337 -1205 -1072 -935.99993896484375 -814.00006103515625 -690 -566 -440 -315 -240.0000152587890625 -184 -124 -64 -2 -14 -18 -19 -19 -16 -25 -32 -39 -48 -56 -63 -70 -77 -83 -90 -107.00000762939453125 -124 -131 -138 -144 -151 -158 -166 -175 -177 -177 -176 -173
