testcase/dijle/gvg_0_cm.asc
ncols        125
nrows        200
xllcorner    168000.000000000000
yllcorner    166500.000000000000
cellsize     20.000000000000
NODATA_value  -3.4028234663852886e+038
[rows 105 to 139 of 200, columns 0 to 78 of 125]
3788 3700.999755859375 3614 3431.000244140625 3248 3066 2885 2704 2661 2618 2577 2536 2496 2475 2454 2435 2417 2402 2321 2243 2166 2089 2015 1931 1849 1768 1689 1612.0001220703125 1526 1439 1352 1262 1170 974 775 574 390 225 181 137 93 48 3 14 18 20 19 17 23 29 34 40 45 55 65 75 87 99 104 110 115 120.00000762939453 126 130 131 132 135 136 136 131 120.00000762939453 109 99 89 80 72 64 56 48
3702 3588 3474.000244140625 3257 3040 2825 2610 2395 2363 2330 2300 2270 2240 2239 2239 2240 2242 2246 2167 2091 2016 1942 1870.0001220703125 1804.0001220703125 1740 1678.0001220703125 1616 1556 1483 1409 1333 1257 1178 985.00006103515625 790 593 412 251 203 155 105.99999237060547 56 5 15.000000953674316 19 19 19 17 23 27.000001907348633 33 37 43 52 63 75 86 98 104 109 115 120.00000762939453 124 128 128 127 127 127 127 120.00000762939453 111 102 94 86 78 70 63 56 49
3616 3475 3334 3083 2833 2583 2334 2086 2064 2044 2023 2004.0001220703125 1986 2004.9998779296875 2024 2045.0001220703125 2066 2090 2012.9998779296875 1940 1866 1795.0001220703125 1724 1677 1629.9998779296875 1586 1542 1500 1440 1378 1316 1252 1186 997 805 611 435 277 226 174 120.00000762939453 65 8 18 20 20 18 16 21 25 30.000001907348633 34 38 50 60.000003814697266 73 84 98 104 110 115 120.00000762939453 122 124 123 121 119.00000762939453 116.99999237060547 115 110 103 96 89 82 75 69 62 56 50
3641 3506.000244140625 3371 3138 2903 2671 2438 2207 2159 2113 2067 2020.9998779296875 1976 1977 1981 1984 1987.9998779296875 1994 1921.9998779296875 1851 1781 1712.9998779296875 1645.9998779296875 1583 1521 1461 1401 1342 1288 1232 1176 1118 1058 885.00006103515625 710 532 373 231 188 145 100 52.999996185302734 4 16 20 23 24 24 29 32 36 38 41 51 61 72 84 96 102 110 114 115 114 114 112 110 107.00000762939453 104 100 96 90 84 77 71 65 58.999996185302734 52.999996185302734 48 42
3664 3536 3409 3192 2975 2759 2543 2329 2255 2182 2109 2039 1968 1951 1937.0001220703125 1921.9998779296875 1909 1898 1829.0001220703125 1761 1695.9998779296875 1631 1568 1489 1411 1334 1259 1184 1135 1087 1036 984 931.00006103515625 774 615 454 312 186 152 116 80 41 2 15.000000953674316 22 27.000001907348633 31 33 37 39 41 43 44 52.999996185302734 62 73 82 94 100 107.00000762939453 110 108.00000762939453 105.99999237060547 104 102 99 96 92 88 83 78 73 67 61 56 50 45 40 35
3688 3566.999755859375 3447 3246 3046 2847 2648 2450 2350 2251 2153 2056 1959 1925 1893 1861 1831 1802 1737.0001220703125 1673 1611 1550 1491 1395 1301 1209 1117 1026 985.00006103515625 941 897.99993896484375 853 804 664 521 377 251 143 116 89 61 31 0 16 23 31 38 44 45 46 47 47 47 56 63 72 81 91 96 101 104.99999237060547 101 99 97 93 90 85 82 77 72 67 62 56 51 46 42 37 32 29
3712 3598 3484.999755859375 3300.999755859375 3117 2935 2753 2572 2446 2321 2197 2074 1951 1900 1850 1801 1753.0001220703125 1706 1645.0001220703125 1585 1526 1468 1413 1301 1191 1083 976 870 833 797 760 721 679 555 428.00003051757812 301 190 99 82 63 44 23 -0 15.000000953674316 26 35 46 55 55 54.000003814697266 52.999996185302734 52 50 57 64 71 78 88 92 97 100 96 92 89 85 80 76 71 67 62 57 51 47 41 37 33 29 25 23
3734.999755859375 3629 3523 3356.000244140625 3190 3023 2858 2694 2542 2391 2240 2091 1943 1874 1807 1741 1675 1611 1553 1497 1441 1387 1335 1208 1082 957 834 713 684 654 623 590 555 446.99996948242187 337 225 131 56 48 37 26 13 -0 16 29 41 54.000003814697266 66 64 62 60.000003814697266 57 52.999996185302734 58.999996185302734 65 70 75 79 88 94 96 90 86 82 77 73 67 63 58 52.999996185302734 47 42 37 33 28 25 21 18 17
3697 3595 3493.999755859375 3343.999755859375 3196 3049 2901 2755 2624 2495 2367 2239 2111 2045.9998779296875 1981 1918 1854.0001220703125 1793 1735 1677 1620.9998779296875 1566 1513 1387 1261 1138 1017 896 855 812 769 721 673 547 419 289 177 84 70 52.999996185302734 36 18 -0 15.000000953674316 29 41 54.000003814697266 67 65 62 58.999996185302734 56 52.999996185302734 58 63 69 73 77 86 94 94 91 87 83 79 74 70 65 61 57 52 47 43 39 35 32 29 26 25
3658.000244140625 3562 3464 3334 3203 3074 2944 2816 2707 2599 2493 2387 2282 2218 2156 2095 2035 1976 1916 1859 1801 1745.9998779296875 1693 1567 1442 1319 1199 1080 1027 972 914.99993896484375 855 792 648 502 354 224 112 92 69 46 22 -0 15.000000953674316 28 41 54.000003814697266 67 65 62 58.999996185302734 56 52 58 63 68 72 76 85 94 94 91 89 85 81 77 73 69 64 60.000003814697266 57 52.999996185302734 49 45 43 40 37 35 33
3622 3529 3436 3323 3209.999755859375 3099 2988 2877 2791 2704 2619 2535 2451 2391 2331 2273 2215 2159 2099 2040 1983 1927 1871.9998779296875 1746.9998779296875 1623 1502 1384 1266 1201 1133 1061 988 912 750 585 419.99996948242187 272 140 113 85 56 26 -0 14 27.000001907348633 41 54.000003814697266 68 65 63 60.000003814697266 56 52 58 63 69 72 76 86 95 97 95 91 88 84 80 76 72 69 65 62 58.999996185302734 56 52 50 48 46 43 42
3587 3497 3408.000244140625 3314 3218.999755859375 3125 3032 2939 2874 2810 2746 2684 2622 2564 2507 2451 2396 2342 2282 2222 2164 2108 2053 1928.0001220703125 1804.9998779296875 1686 1568 1453 1375 1295 1210 1123 1032 852.00006103515625 670 486 319 170 135 101 66 30.000001907348633 -0 14 27.000001907348633 41 55 69 66 64 61 57 52 58.999996185302734 65 70 74 77 86 93 99 98 95 92 87 84 80 77 74 71 67 65 62 60.000003814697266 58 56 54.000003814697266 52 51
3550.999755859375 3466 3381.000244140625 3303 3227 3151 3076 3001 2958 2916 2873 2833 2792 2737 2682 2630 2577 2526 2465 2405 2347 2290 2235 2110 1990 1870.9998779296875 1756 1642 1551 1457 1358 1257 1152 954 753 552 366 198 157 116.99999237060547 75 33 -0 12 26 41 55 70 68 65 62 58.999996185302734 54.000003814697266 61 67 72 76 80 88 95 100 102 98 95 92 88 85 82 79 76 74 72 70 68 66 64 63 62 61
3474.000244140625 3384.999755859375 3298 3216 3135 3056 2977 2898 2846 2794 2743 2692 2643 2602 2564 2526 2489 2453 2412 2372 2333 2296 2261 2158 2057 1960 1866 1771.9998779296875 1666 1555 1441 1323 1203 995 786 574 380 201 161 119.00000762939453 78 37 -0 14 28 41 55 69 67 65 62 58 55 61 68 75 79 84 92 97 101 104 99 96 92 89 85 82 79 76 74 72 70 68 67 65 64 63 62
3396 3305 3214 3129 3045 2960 2878 2795 2733 2672 2611 2552 2493 2469 2445 2423 2402 2381 2360 2339 2320 2303 2288 2207 2127 2051 1977 1904.0001220703125 1781 1654.9998779296875 1524 1390 1254 1037 818 598 392 203 163 122 81 39 -0 15.000000953674316 29 42 55 68 66 65 63 58.999996185302734 55 63 71 78 84 90 99 100 102 103 100 97 93 89 86 82 79 77 74 72 71 69 68 66 65 65 64
3316.999755859375 3224.000244140625 3131 3042 2954 2865 2779 2692 2621 2551 2482 2413 2345 2336 2328 2320 2314 2310 2308 2307 2309 2312 2317 2256 2198 2143 2090 2036 1895.9998779296875 1753.0001220703125 1607 1457 1304 1079 851 622 406 205 164 123 82 40 -0 17 30.000001907348633 43 55 67 66 66 64 61 57 65 75 83 89 92 98 99 100 102 101 100 96 90 86 83 80 78 75 73 72 70 69 68 67 67 66
3239 3143 3048 2956 2863 2771 2681 2590 2510 2430 2352 2274 2196 2203 2211 2219 2228 2240 2258 2277 2298 2321 2347 2308 2271 2236 2202 2168 2011 1851 1687.9998779296875 1523 1355 1121 885.99993896484375 647 421 206 164 124 83 42 0 18 32 44 56 67 68 67 66 63 58.999996185302734 69 78 83 87 90 97 97 99 101 101 99 95 91 87 84 81 79 77 75 73 72 71 70 70 70 69
3161 3063 2966 2869 2772 2678 2583 2488 2399 2310 2223 2136 2049 2071 2094 2118 2144 2170 2207 2248 2289 2333 2380 2361 2344 2331 2316 2299 2125 1950 1770.0001220703125 1590 1406 1163 920 675 433 202 163 123 84 44 3 21 34 46 57 68 69 70 68 66 64 70 76 80 84 88 95 96 97 98 99 98 94 91 88 85 82 80 78 76 75 74 74 73 73 73 73
3104 3012 2921 2832 2745 2658 2571 2486 2403 2321 2239 2157 2077 2077 2077 2079 2081 2086 2133 2183 2235 2290 2347 2328 2312 2296 2280 2260 2103 1941 1777 1612.0001220703125 1445 1214 982 749 516 294 232 174 116 58.999996185302734 0 17 29 39 48 58 63 68 72 68 63 68 72 77 81 87 94 95 96 97 98 97 94 92 89 86 84 82 80 78 77 75 73 71 69 67 66
3048 2961 2876 2796 2717 2639 2561 2485 2407 2331 2256 2180 2107 2083 2061 2040 2020.9998779296875 2002 2060 2121 2183 2248 2315 2297 2280 2262 2243 2223 2079 1932 1785 1635 1483 1264 1044 824 602 384 297 222 148 73 -0 15.000000953674316 24 33 40 48 56 66 67 63 58 63 68 73 79 85 93 94 95 96 97 96 95 93 91 89 86 83 82 81 80 76 72 68 66 63 60.000003814697266
2991 2910 2830 2760 2690 2621 2552 2483 2413 2342 2272 2204 2136 2091 2045.9998779296875 2003.0001220703125 1960 1920.0001220703125 1987.9998779296875 2059 2132 2207 2285 2266 2247 2228 2207 2183 2054 1924 1791 1656 1521 1313 1105 896 687 477 367 271 178 87 -0 12 21 26 32 37 48 58 57 56 55 58.999996185302734 65 70 77 83 91 95 94 95 96 96 95 95 93 92 88 85 84 83 83 77 72 68 63 58 55
2933 2860 2786 2724 2663 2602 2542 2483 2418 2354 2291 2229 2167 2099 2032 1966 1902 1839 1917 1998 2081 2167 2254 2235 2215 2192 2169 2145 2029.9998779296875 1914 1795.9998779296875 1678.0001220703125 1558 1362 1165 968 771 573 437 315 207 99 -0 11 17 21 23 27.000001907348633 41 48 48 49 51 55 61 68 73 80 87 93 93 93 94 94 94 94 94 93 89 87 86 85 86 79 73 67 60.000003814697266 54.000003814697266 50
2876 2809 2742 2689 2636 2586 2534 2484 2425 2368 2310 2254 2199 2109 2019 1931 1844 1760 1848 1940 2033 2129 2225 2203 2181 2157 2132 2105 2004.9998779296875 1904.0001220703125 1803.0001220703125 1699 1594 1410 1225 1039 853 668 510 364 234.99998474121094 111 -0 6 12 14 15.000000953674316 15.000000953674316 29 34 38 42 47 52 58 65 71 78 85 92 92 92 92 93 93 94 93 92 89 88 88 88 89 80 73 66 60.000003814697266 54.000003814697266 54.000003814697266
2697 2632 2567 2530 2494 2458 2423 2388 2336 2284 2232 2181 2131 2048 1964 1883 1802 1724 1810 1898 1987.9998779296875 2080 2171 2166 2160 2153 2144 2133 2037.0001220703125 1940 1842 1743 1643 1457 1269 1082 893.99993896484375 706 544 386 245 121 -0 11 16 18 19 19 29 33 37 41 45 50 56 61 66 72 79 86 85 85 84 85 85 85 83 82 81 80 80 82 83 74 65 56 49 42 42
2518 2455 2392 2371 2352 2332 2312 2294 2247 2200 2155 2110 2066 1987.0001220703125 1911 1835 1761 1689 1771.9998779296875 1857 1944 2031 2118 2128 2139 2148 2155 2161 2070 1976 1882 1787.9998779296875 1691 1503 1314 1124 934 744 577 410 262 131 -0 13 20 23 23 20 26 30.000001907348633 35 39 44 48 52 57 62 68 74 80 79 78 78 78 77 75 74 72 72 72 73 75 79 67 55 46 38 29 31
2340 2278 2218 2214 2210 2207 2203 2200 2159 2119 2079 2039 2001 1929.0001220703125 1859 1790 1721.9998779296875 1656 1736 1817 1899 1981 2063 2091 2117 2141 2166 2189 2101 2012.0001220703125 1921.9998779296875 1831 1740 1548 1356 1164 972 780 607 435 280 143 3 17 25 29 29 20 25 29 33 38 42 46 49 54.000003814697266 57 62 68 75 73 71 70 70 68 66 64 63 63 63 65 68 72 58 46 36 28 19 21
2161 2103 2045.0001220703125 2058 2071 2083 2096 2108 2072 2037.9998779296875 2004.0001220703125 1970.0001220703125 1937.9998779296875 1871.9998779296875 1808 1745.0001220703125 1683 1624 1701 1777 1854.9998779296875 1931 2008 2051 2094 2135 2176 2216 2132 2045.9998779296875 1960 1874 1787.0001220703125 1593 1399 1204 1010.0000610351562 814.99993896484375 638 461 302 158 10 25 34 39 32 18 23 28 32 37 41 43 46 49 52.999996185302734 58 63 69 66 65 63 62 60.000003814697266 58 56 54.000003814697266 54.000003814697266 54.000003814697266 56 60.000003814697266 65 49 36 25 17 9 13
1982 1928.0001220703125 1874 1903.0001220703125 1933 1961 1990 2018 1987.9998779296875 1959 1929.9998779296875 1903.0001220703125 1877 1817 1758 1702 1646.9998779296875 1592 1664 1737.0001220703125 1808 1879.9998779296875 1952 2011 2071 2129 2186 2243 2162 2081 1999 1917 1833 1637.9998779296875 1441 1244 1047 850 668 488 326 176 20 36 49 44 30.000001907348633 16 22 26 31 35 40 41 44 46 50 52.999996185302734 57 63 61 58 56 55 52 50 47 45 44 45 47 51 56 38 22 13 5 -0 -0
1985 1927 1867 1857 1845.9998779296875 1834 1820.9998779296875 1809 1777 1745.0001220703125 1715 1686 1656 1607 1558 1512 1465 1419 1529 1637.9998779296875 1746.9998779296875 1857 1965 2021.9998779296875 2079 2136 2191 2245 2153 2060 1967 1871.9998779296875 1777 1576 1374 1172 970 768 598 440 299 158 16 33 44 37 26 15.000000953674316 21 25 30.000001907348633 34 39 40 43 45 47 51 56 62 62 58 55 52 50 47 44 42 41 41 42 44 50 36 26 18 13 7 10
1987.9998779296875 1929.9998779296875 1865 1814 1762.9998779296875 1709 1656 1602 1568 1534 1502 1470 1439 1398 1360 1322 1284 1246 1393 1540 1686 1831 1977 2033 2087 2141 2194 2248 2144 2039 1934 1828.0001220703125 1720.9998779296875 1514 1307 1100 892 685 532 396 271 143 14 36 39 31 23 15.000000953674316 21 25 29 33 38 39 41 44 46 48 52.999996185302734 58 61 57 54.000003814697266 51 47 45 41 38 36 35 35 36 41 33 25 21 17 13 15.000000953674316
2012.9998779296875 1944 1868 1776 1683 1588 1494 1399 1362 1326 1290 1256 1222 1192 1162 1133 1102 1073 1257 1440 1624 1806 1989 2042 2094 2147 2199 2249 2134 2018 1901 1783 1665 1453 1239 1027 813 602 471.99996948242187 358 244 130 19 31 30.000001907348633 26 22 15.000000953674316 21 24 29 32 37 38 40 41 44 47 51 56 60.000003814697266 57 54.000003814697266 49 45 41 38 34 32 30.000001907348633 29 30.000001907348633 34 29 24 21 19 18 18
2060 1970.0001220703125 1879.9998779296875 1743 1607 1471 1333 1197 1157 1119 1081 1044 1009 987 964.99993896484375 943 921 899 1120 1340 1561 1781 2000 2051 2102 2152 2202 2251 2123 1995.9998779296875 1867 1737.9998779296875 1608 1390 1172 953 734 525 421 318 217 115 13 21 23 22 20 16 21 24 29 32 37 37 39 40 42 44 49 52.999996185302734 58.999996185302734 57 54.000003814697266 48 43 38 33 29 27.000001907348633 25 24 24 29 25 22 21 20 21 19
2107 2000 1895.0001220703125 1714 1534 1356 1177 997.99993896484375 956.00006103515625 914.00006103515625 874 834 795 781 767 754 739 724 982 1239 1497 1753.0001220703125 2011 2060 2108 2157 2205 2253 2113 1973 1834 1693 1551 1328 1103 879 661 457.00003051757812 366 278 190 102 7 14 18 19 19 17 21 24 28 32 36 37 38 39 41 43 47 51 58 58 54.000003814697266 47 40 35 30.000001907348633 25 22 19 18 20 23 21 20 20 22 24 20
2175 2078 1986 1829.0001220703125 1674 1520 1366 1214 1156 1099 1042 985.00006103515625 929 892 854 816 777 739 929 1119 1309 1498 1687.9998779296875 1779.9998779296875 1870.0001220703125 1960 2051 2140 2016 1892 1767 1641 1515 1280 1044 807 585 373 302 232 162 96 10 16 19 19 19 17 21 25 28 31 36 37 39 40 42 45 49 54.000003814697266 58.999996185302734 63 58.999996185302734 52.999996185302734 47 42 37 32 30.000001907348633 28 28 29 32 31 30.000001907348633 30.000001907348633 32 35 30.000001907348633
2243 2158 2078 1945.0001220703125 1816 1686 1560 1433 1358 1285 1211 1138 1064 1002.0000610351562 939.99993896484375 877.00006103515625 814.99993896484375 752 875 997 1120 1243 1366 1499 1631 1764 1895.9998779296875 2028.0001220703125 1919 1810 1699 1589 1478 1232 985.00006103515625 738 508 289 235.99998474121094 184 132 79 9 16 18 19 19 18 22 24 28 31 35 37 39 42 44 47 52 57 63 68 66 58.999996185302734 54.000003814697266 49 44 40 38 36 36 38 41 39 40 40 43 46 42
