testcase/dijle/gvg_0_cm.asc
ncols        125
nrows        200
xllcorner    168000.000000000000
yllcorner    166500.000000000000
cellsize     20.000000000000
NODATA_value  -3.4028234663852886e+038
[rows 140 to 174 of 200, columns 0 to 78 of 125]
2309 2240 2173 2065 1960 1857 1754.9998779296875 1656 1564 1473 1381 1290 1199 1112 1025 939.00006103515625 852.00006103515625 764 820 875 930 985.99993896484375 1042 1217 1392 1567 1742 1916 1821.9998779296875 1727 1633 1537 1441 1184 925 674 439 206 171 136 101 61 7 15.000000953674316 18 18 19 18 21 25 28 31 35 37 40 42 46 50 55 60.000003814697266 66 73 72 66 61 55 51 48 46 45 45 47 48 48 48 50 52.999996185302734 57 54.000003814697266
2377 2322 2270 2188 2108 2029.9998779296875 1954.0001220703125 1879.0001220703125 1770.0001220703125 1661 1552 1442 1332 1222 1111 1000 888 777 764 752 740 728 718 934 1152 1370 1586 1803.0001220703125 1725 1645.0001220703125 1565 1485 1405 1136 868 611 367 123 104.99999237060547 88 73 42 6 13 17 18 19 19 22 25 28 31 35 37 40 44 48 52 58 63 70 78 80 73 68 63 58.999996185302734 55 54.000003814697266 52.999996185302734 54.000003814697266 55 56 55 57 58.999996185302734 63 68 66
2445 2406 2369 2312 2258 2205 2154 2103 1976 1848 1720.9998779296875 1593 1465 1330 1195 1059 924 788 708 627 548 469 391 650 913 1172 1432 1691 1628.0001220703125 1564 1498 1433 1368 1090 812 550 296 40 39 37 36 19 2 10 14 17 19 19 22 25 28 31 34 38 41 45 50 55 60.000003814697266 66 73 79 85 80 76 70 66 63 63 63 62 62 63 64 64 67 74 80 79
2406 2372 2340 2283 2227 2173 2121 2068 1951 1834 1717 1601 1483 1348 1212 1077 941 805 720 635 549 464 382 584 784 979 1176 1373 1329 1285 1241 1195 1149 917 690 469.99996948242187 252 34 37 38 36 22 8 14 17 18 18 18 21 24 27.000001907348633 30.000001907348633 34 37 40 43 47 51 56 62 67 74 81 78 73 69 66 62 61 62 62 62 63 62 61 64 71 76 74
2367 2339 2312 2254 2197 2141 2086 2031 1924 1818 1712.0001220703125 1606 1501 1365 1229 1094 958 822 732 641 550 463 384 521 656 790 925 1057 1032 1007 983 958 939.99993896484375 755 570 388 207 28 34 43 37 25 12 17 19 18 18 17 20 24 26 30.000001907348633 34 36 38 41 44 48 52 57 63 70 77 77 72 68 64 61 61 61 61 61 62 62 62 65 68 73 70
2328 2304 2280 2222 2163 2106 2049 1992 1895.9998779296875 1801 1706 1611 1516 1381 1245 1110 974 838 744 648 553 469 388 462 534 605 675 743 739 736 735 734 740 593 448 304 162 20 30.000001907348633 39 33 25 17 19 19 19 18 14 19 23 26 30.000001907348633 34 35 36 39 41 44 48 52.999996185302734 58 64 71 74 71 66 64 61 60.000003814697266 60.000003814697266 60.000003814697266 62 62 63 62 64 67 71 65
2289 2268 2247 2187 2126 2067 2009 1950 1866 1781 1696.9998779296875 1615 1532 1396 1261 1126 989.99993896484375 854 756 657 563 478.00003051757813 395 405.00003051757812 414 421.99996948242187 429 435 454 471.99996948242187 492 513 538 431 324 220 115 11 24 34 30.000001907348633 26 22 22 21 19 17 13 18 21 24 29 33 34 35 37 38 40 45 49 54.000003814697266 58.999996185302734 65 71 69 65 63 61 60.000003814697266 60.000003814697266 60.000003814697266 62 62 63 64 65 67 69 62
2250 2231 2211 2148 2087 2026 1966 1907 1833 1760 1689 1617 1545 1410 1276 1141 1006.0000610351562 871 768 666 576 490 403.00003051757812 349 295 240.00001525878906 184 127 167 206 247 290 335 266 199 133 68 3 22 28 28 28 28 26 23 19 16 10 15.000000953674316 20 23 28 33 33 34 34 35 37 40 45 49 55 60.000003814697266 68 69 65 62 60.000003814697266 60.000003814697266 60.000003814697266 61 62 63 63 64 65 67 68 60.000003814697266
2146 2114 2082 2019 1957 1895.9998779296875 1836 1778.0001220703125 1711 1643 1578 1512 1447 1315 1182 1050 917 785 684 591 508 423.99996948242187 337 293 250 205 159 114 148 181 216.00001525878906 251 289 234.99998474121094 183 131 80 29 39 38 34 31 26 25 22 20 17 12 17 21 24 28 32 32 33 35 36 38 42 45 50 55 60.000003814697266 67 71 68 65 63 62 61 62 62 63 63 64 64 65 65 58
2042 1995.0001220703125 1952 1887.0001220703125 1824 1762.9998779296875 1704.0001220703125 1646.9998779296875 1585 1525 1465 1406 1348 1219 1089 959 829 700 608 526 442 358 273 240.00001525878906 206 171 137 102 127 154 182 211.99998474121094 243 203 165 128 92 57 55 48 41 34 25 24 22 20 17 14 18 21 24 28 31 33 33 35 37 39 42 47 50 55 61 66 73 71 68 65 64 62 62 63 63 63 64 64 63 63 55
1937.0001220703125 1874 1816 1751 1687.9998779296875 1627 1570 1513 1458 1405 1352 1300 1248 1121 995 868 742 623 543 461 379 295 208.99998474121094 186 162 138 113 88 108.00000762939453 128 149 170 195 170 146 124 101 78 68 58.999996185302734 48 36 26 24 22 21 18 14 19 22 24 28 31 32 33 35 37 40 43 47 51 56 61 67 75 76 72 68 66 65 63 63 63 63 63 64 63 61 54.000003814697266
1832 1745.9998779296875 1677 1610 1548 1490 1433 1378 1330 1283 1237 1192 1147 1024 901 777 663 559 479 399 316 233 148 135 120.00000762939453 105.99999237060547 90 75 87 100 113 129 146 135 126 119.00000762939453 112 97 83 68 54.000003814697266 40 25 24 23 21 19 16 19 22 25 27.000001907348633 30.000001907348633 32 33 36 38 41 45 48 52 56 62 67 73 78 75 71 68 66 65 64 63 62 62 62 62 61 52
1692 1604.0001220703125 1528 1464 1405 1348 1294 1241 1199 1159 1121 1083 1046 927.00006103515625 807 696 596 494 416 338 256 174 89 84 78 73 67 62 66 71 77 85 94 99 104 111 116 112 95 78 61 44 25 25 24 23 20 17 21 23 25 27.000001907348633 29 31 33 36 39 42 45 49 52.999996185302734 58 63 68 74 80 78 74 71 68 66 65 64 63 62 60.000003814697266 60.000003814697266 57 50
1522 1461 1403 1337 1272 1210 1150 1092 1043 997 951 907 863 753 652 561 471 377 320 260 197 132 66 66 65 65 65 65 68 73 78 85 93 97 102 109 108.00000762939453 104 88 72 56 39 22 22 22 21 19 17 20 22 24 26 28 31 33 35 38 41 44 48 52 56 61 66 72 79 80 75 71 68 66 64 63 63 62 58 56 51 45
1353 1313 1275 1205 1137 1071 1005 939.99993896484375 885.99993896484375 832 779 729 681 590 508 428.00003051757812 346 263 226 184 140 93 44 49 52 57 61 67 69 72 77 83 91 93 97 101 98 95 80 65 50 35 19 20 20 20 19 17 20 22 24 26 28 30.000001907348633 32 35 37 40 43 47 51 55 58.999996185302734 64 70 75 79 75 71 68 65 63 63 62 58.999996185302734 51 47 44 41
1184 1164 1145 1073 1000 929 858 787 727 668 614 562 514 438 365 295 225 152 135 112 86 57 25 33 39 47 56 68 68 70 74 80 87 88 90 93 90 86 73 58.999996185302734 45 32 17 19 19 19 19 17 20 22 24 26 27.000001907348633 30.000001907348633 32 34 37 39 42 46 50 54.000003814697266 58 63 68 73 79 74 70 67 64 62 61 61 57 52 47 44 40
1014.0000610351562 1014.0000610351562 1014.0000610351562 938 863 787 712 640 577 515 460 405.00003051757812 352 284 221 161 105.99999237060547 48 50 44 35 22 9 17 25 36 49 66 65 67 70 75 82 82 83 83 80 78 66 52.999996185302734 40 28 16 18 19 19 19 17 20 22 23 25 27.000001907348633 29 31 34 36 39 42 45 49 52.999996185302734 57 62 67 72 78 74 70 66 63 61 58.999996185302734 60.000003814697266 56 52 47 43 40
845 864.99993896484375 884 805 724 645 571 503.00003051757813 436 371 307 246 186 126 72 25 -0 -0 -0 -0 -0 -0 -0 -0 8 21 39 62 61 62 65 69 75 75 76 74 71 69 58 47 36 25 14 17 18 19 19 18 20 22 23 25 27.000001907348633 29 31 33 36 38 41 45 48 52 56 61 66 71 78 74 70 66 62 60.000003814697266 57 58.999996185302734 58 54.000003814697266 47 43 39
705 723 735 660 589 522 457.00003051757812 392 343 295 246 199 155 110 68 34 10 -0 1 6 9 9 8 16 23 35 51 71 68 67 69 72 76 75 73 71 68 65 55 44 34 24 14 17 18 19 18 18 20 22 23 25 27.000001907348633 29 31 33 35 38 41 44 48 51 55 60.000003814697266 65 70 77 77 71 65 61 58 55 57 58.999996185302734 58 51 44 43
565 586 590 526 465 404 343 283 251 217 184 152 120.00000762939453 88 58.999996185302734 35 17 -0 11 15.000000953674316 17 18 18 26 36 47 62 78 73 72 72 74 76 74 71 67 64 61 50 41 32 23 13 18 19 19 19 18 20 22 24 25 27.000001907348633 29 31 33 35 38 41 44 47 51 55 58.999996185302734 64 69 73 77 70 65 60.000003814697266 57 52.999996185302734 56 58 58.999996185302734 52.999996185302734 47 46
570 491 465 402 343 286 231 175 159 141 121 102 84 64 45 30.000001907348633 19 8 17 22 26 28 29 38 47 57 69 82 78 75 74 74 76 72 67 63 58.999996185302734 56 47 38 30.000001907348633 21 14 17 19 19 19 19 21 22 24 25 27.000001907348633 29 31 33 35 38 41 44 47 51 55 58.999996185302734 63 68 72 76 69 64 58.999996185302734 55 52 55 58 62 55 49 49
427 373 338 274 218 166 119.00000762939453 71 71 66 58.999996185302734 52 45 36 29 23 19 16 24 31 35 39 42 49 57 64 74 85 80 77 75 74 74 68 64 60.000003814697266 56 51 43 35 28 21 13 17 18 20 20 19 21 22 24 26 27.000001907348633 29 31 33 36 38 41 44 48 51 55 58.999996185302734 63 68 72 75 69 63 58 54.000003814697266 50 54.000003814697266 58 64 60.000003814697266 52.999996185302734 52.999996185302734
284 238.00001525878906 199 141 89 42 7 -0 -0 -0 -0 2 6 8 11 15.000000953674316 20 26 35 41 47 52 56 61 67 72 80 88 82 77 75 73 71 65 60.000003814697266 56 52 47 40 33 26 19 12 17 19 19 19 20 21 23 24 26 27.000001907348633 29 31 34 36 39 42 45 48 52 56 60.000003814697266 64 68 73 75 68 62 56 52 48 52.999996185302734 58.999996185302734 66 66 56 57
232 195 162 116.99999237060547 78 44 17 -0 5 10 13 14 17 16 17 18 20 24 29 34 37 41 45 49 55 61 68 76 73 73 72 72 75 69 64 60.000003814697266 54.000003814697266 50 43 35 27.000001907348633 20 12 16 18 20 20 20 22 23 25 26 28 30.000001907348633 32 34 37 39 42 46 49 52.999996185302734 57 61 66 70 76 74 65 58.999996185302734 52.999996185302734 49 44 49 56 62 66 56 54.000003814697266
179 148 119.00000762939453 90 62 38 19 2 11 15.000000953674316 17 18 21 19 19 19 20 21 25 27.000001907348633 30.000001907348633 32 33 38 44 50 56 64 64 66 69 73 78 72 67 63 58 52.999996185302734 44 37 28 21 12 17 18 20 20 21 22 24 25 27.000001907348633 28 30.000001907348633 32 35 37 40 43 47 50 54.000003814697266 58 63 68 72 75 70 63 56 50 45 39 47 52.999996185302734 60.000003814697266 66 56 51
127 101 75 58.999996185302734 43 29 19 8 15.000000953674316 18 19 20 23 20 19 19 19 19 20 22 24 24 24 29 33 38 44 50 54.000003814697266 60.000003814697266 66 73 80 76 71 65 61 56 47 38 29 21 12 17 19 20 21 21 23 24 26 27.000001907348633 29 31 33 36 38 41 44 48 52 56 60.000003814697266 65 71 75 74 67 58.999996185302734 52.999996185302734 47 41 36 44 52.999996185302734 60.000003814697266 66 56 48
75 54.000003814697266 31 28 23 19 15.000000953674316 10 16 18 19 21 24 21 19 19 18 17 18 18 18 17 15.000000953674316 20 23 27.000001907348633 32 37 44 52 61 71 85 79 74 69 65 60.000003814697266 50 40 31 21 12 16 19 20 21 22 23 25 26 28 30.000001907348633 32 34 36 39 42 46 49 54.000003814697266 58 63 68 75 75 70 64 57 50 43 38 33 42 52 62 63 54.000003814697266 45
22 8 -0 0 5 7 10 11 15.000000953674316 17 19 21 25 21 19 17 16 14 14 12 11 8 6 10 12 15.000000953674316 18 23 33 44 58 71 89 84 79 72 67 62 52 42 32 22 12 17 20 20 21 23 24 25 27.000001907348633 29 31 33 35 38 41 44 47 51 56 60.000003814697266 65 70 75 71 66 61 54.000003814697266 46 41 35 29 41 52.999996185302734 58.999996185302734 56 51 42
51 46 37 49 57 63 68 72 72 72 71 70 71 66 60.000003814697266 55 51 46 41 36 30.000001907348633 24 17 19 21 25 28 31 42 54.000003814697266 66 83 100 93 87 82 76 70 58 46 35 23 11 16 19 21 23 24 25 26 28 29 31 34 36 39 42 46 49 52.999996185302734 58 63 68 74 74 68 63 58 52 47 42 37 32 41 50 49 45 39 34
80 89 90 102 112 121 129 136 133 128 124 120.00000762939453 116.99999237060547 110 102 94 87 80 70 61 51 41 31 33 35 36 38 41 52 64 77 93 110 103 97 91 85 78 64 51 37 24 10 16 19 21 23 25 26 27.000001907348633 29 30.000001907348633 33 35 37 40 44 47 51 56 61 65 70 74 70 65 60.000003814697266 56 51 46 42 38 36 43 47 42 36 28 27.000001907348633
137 138 140 150 163 177 189 200 193 185 177 170 162 151 138 128 116.99999237060547 109 96 83 71 58 45 47 48 48 50 52.999996185302734 63 76 90 104.99999237060547 121 113 107.00000762939453 100 92 87 70 54.000003814697266 39 24 9 16 18 21 23 26 27.000001907348633 28 30.000001907348633 32 34 36 39 42 46 50 54.000003814697266 58.999996185302734 64 69 74 73 67 62 57 54.000003814697266 49 45 43 41 38 45 41 36 29 20 22
164 170 181 196 211.99998474121094 227 243 257 245 233 222 209.99998474121094 199 185 173 160 149 138 122 105.99999237060547 91 75 61 61 61 61 61 63 75 88 101 116 131 123 116 109 101 94 77 58 41 25 8 15.000000953674316 18 21 23 27.000001907348633 28 29 31 33 35 38 41 44 48 52 57 62 68 73 74 69 63 58.999996185302734 55 51 48 46 44 43 44 45 40 33 25 14 19
166 198 222 241.00001525878906 261 279 297 314 298 282 267 251 234.99998474121094 220 207 192 180 167 148 130 112 94 76 75 74 74 74 74 87 99 114 127 142 134 126 117.99999237060547 110 102 82 63 42 24 6 13 17 21 24 27.000001907348633 28 30.000001907348633 32 34 36 39 42 46 50 54.000003814697266 58.999996185302734 65 72 73 69 65 60.000003814697266 56 52 49 48 45 45 44 46 46 40 31 21 10 16
200 229 258 281 303 325 347 368 367 367 367 366 366 354 341 331 320 310 284 259 233.99998474121094 209.99998474121094 187 166 146 127 107.00000762939453 88 98 107.00000762939453 116.99999237060547 127 137 128 120.00000762939453 112 104 96 78 60.000003814697266 42 25 8 16 18 22 24 28 29 31 33 35 38 41 44 48 52 57 62 68 73 70 65 61 57 54.000003814697266 50 47 46 44 43 43 43 47 44 35 23 11 17
233 264 295 321 347 372 397 421.99996948242187 436 451.00003051757812 467 482.00003051757812 498 487 477 467.99996948242187 459 452 419.99996948242187 388 357 327 296 257 218 180 141 104 109 115 120.00000762939453 126 132 123 115 105.99999237060547 99 90 74 58 42 26 10 16 20 22 25 29 30.000001907348633 32 34 37 39 43 46 50 54.000003814697266 60.000003814697266 65 72 73 67 63 58.999996185302734 55 51 48 46 44 42 42 42 41 44 45 41 27.000001907348633 13 18
