testcase/dijle/gvg_0_cm.asc
ncols        125
nrows        200
xllcorner    168000.000000000000
yllcorner    166500.000000000000
cellsize     20.000000000000
NODATA_value  -3.4028234663852886e+038
[rows 70 to 104 of 200, columns 0 to 78 of 125]
3256.000244140625 3232 3208.000244140625 3097 2986 2877 2767 2660 2462 2267 2072 1878.0001220703125 1684 1560 1438 1315 1194 1074 1050 1027 1006.0000610351562 985.99993896484375 967 956.00006103515625 947.99993896484375 939.99993896484375 933 928 933 939.00006103515625 945 950 955 786 614 442 291 164 131 96 62 28 -0 11 18 22 29 37 46 51 55 52.999996185302734 54.000003814697266 64 73 82 91 100 99 97 97 96 97 92 89 85 82 79 83 87 92 96 102 103 101 89 64 44 34
3295 3261 3227 3085 2943 2802 2662 2522 2299 2076 1854.0001220703125 1633 1413 1338 1262 1189 1117 1045 1067 1089 1113 1139 1165 1161 1160 1158 1158 1159 1164 1170 1176 1181 1185 981.00006103515625 775 567 382 221 175 129 82 36 -0 9 16 22 34 35 38 45 56 60.000003814697266 63 73 83 92 98 107.00000762939453 105.99999237060547 107.00000762939453 107.00000762939453 108.00000762939453 107.00000762939453 102 98 92 89 85 89 92 97 102 107.00000762939453 109 100 82 61 41 33
3334 3290.000244140625 3246 3072 2900 2727 2556 2384 2134 1885 1636 1388 1141 1114 1088 1064 1039 1016 1083 1151 1221 1291 1364 1366 1371 1376 1383 1390 1395 1401 1406 1412 1416 1176 935.99993896484375 693 475 280 222 163 104 43 -0 5 11 16 19 20 28 36 46 52.999996185302734 60.000003814697266 70 81 95 104 114 115 116.99999237060547 119.00000762939453 119.00000762939453 117.99999237060547 112 104.99999237060547 101 96 92 94 98 102 108.00000762939453 114 111 95 76 57 37 30.000001907348633
3268.999755859375 3211 3152 2977 2801 2627 2452 2279 2039 1798 1559 1321 1083 1116 1150 1185 1221 1259 1319 1381 1445 1511 1578 1583 1589 1596 1604.0001220703125 1612.9998779296875 1565 1516 1467 1418 1368 1121 872.99993896484375 624 399 198 161 120.00000762939453 78 33 -0 8 15.000000953674316 19 21 23 28 34 40 44 49 61 73 85 96 107.00000762939453 110 115 121 123 124 116 110 105.99999237060547 101 97 100 103 107.00000762939453 112 120.00000762939453 109 92 73 52 30.000001907348633 27.000001907348633
3205 3132 3059 2881 2704 2526 2350 2174 1943 1712.0001220703125 1482 1253 1024 1118 1212 1307 1403 1500 1556 1612.0001220703125 1670.0001220703125 1731 1792 1798 1806 1816 1826 1837.9998779296875 1735 1631 1528 1424 1320 1066 810.00006103515625 554 325 121 103 80 54.000003814697266 24 -0 10 16 20 24 27.000001907348633 30.000001907348633 32 35 38 40 52 64 77 88 101 105.99999237060547 112 117.99999237060547 123 125 119.00000762939453 114 110 105.99999237060547 103 104.99999237060547 109 112 116.99999237060547 124 115 93 71 48 24 25
3141 3053 2966 2786 2606 2427 2248 2069 1846.9998779296875 1626 1405 1186 967 1120 1273 1429 1585 1743 1792 1843 1895.9998779296875 1949 2004.9998779296875 2012.9998779296875 2023 2035 2046.9998779296875 2061 1903.0001220703125 1746.9998779296875 1589 1431 1273 1010.0000610351562 748 486 253 50 52 44 33 16 -0 11 18 22 27.000001907348633 32 32 33 32 32 31 44 56 70 82 96 103 110 117.99999237060547 124 128 123 117.99999237060547 114 111 108.00000762939453 110 114 116.99999237060547 120.00000762939453 123 119.00000762939453 96 71 46 19 24
3078 2975 2873 2691 2508 2327 2145 1965 1752 1539 1328 1118 909 1121 1336 1551 1768 1985 2029.0001220703125 2075 2121 2169 2219 2229 2240 2254 2268 2284 2073 1860 1649 1436 1224 954 685 417 185 -0 11 15.000000953674316 16 11 -0 12 19 25 31 38 35 33 30.000001907348633 27.000001907348633 24 37 51 64 77 91 100 110 119.00000762939453 130 132 126 122 117.99999237060547 116 114 116 117.99999237060547 121 124 127 122 100 74 46 17 24
3015 2897 2780 2596 2410 2226 2042 1859 1656 1454 1251 1050 850 1124 1398 1674 1949 2228 2266 2305 2346 2388 2433 2444 2457 2472 2489 2507 2241 1975 1708 1441 1174 896 620 345 112 -0 -0 -0 -0 1 -0 13 20 28 36 46 39 34 29 24 19 31 45 58 72 87 98 109 120.00000762939453 133 132 129 127 123 121 120.00000762939453 121 123 126 129 131 126 110 78 47 15.000000953674316 26
2815 2678 2542 2381 2220 2060 1901 1742 1629.0001220703125 1516 1404 1293 1183 1425 1667 1911 2156 2403 2430 2459 2489 2521 2554 2543 2533 2527 2520 2516 2252 1989 1725 1459 1194 922.99993896484375 651 381 151 -0 -0 7 11 9 -0 13 20 25 33 40 35 30.000001907348633 26 22 18 30.000001907348633 43 56 70 85 96 108.00000762939453 120.00000762939453 133 131 129 127 125 124 123 122 121 120.00000762939453 117.99999237060547 117.99999237060547 112 104 77 45 14 27.000001907348633
2613 2458 2304 2167 2029.9998779296875 1894 1760 1625 1601 1578 1557 1536 1516 1726 1937.0001220703125 2150 2364 2578 2595 2613 2632 2653 2675 2642 2610 2580 2552 2525 2264 2002 1739 1476 1213 946 679 413 183 -0 10 15.000000953674316 15.000000953674316 12 -0 13 19 23 28 34 30.000001907348633 27.000001907348633 24 21 18 30.000001907348633 41 55 69 83 95 107.00000762939453 119.00000762939453 132 131 130 129 128 127 126 122 117.99999237060547 115 110 105.99999237060547 102 98 80 46 14 27.000001907348633
2412 2238 2066 1953.0001220703125 1840 1729.0001220703125 1618 1507 1574 1641 1709 1778.0001220703125 1848 2027 2207 2388 2571 2754 2760 2767 2775 2785 2797 2741 2686 2634 2583 2533 2274 2014 1754.0001220703125 1492 1231 968 706 442.99996948242187 209.99998474121094 9 19 20 18 12 -0 11 17 21 24 28 25 23 22 20 17 29 41 52.999996185302734 67 82 93 105.99999237060547 119.00000762939453 132 132 132 131 131 131 131 123 116.99999237060547 109 102 94 93 88 77 44 14 28
2212 2020.0001220703125 1827 1739 1651 1563 1477 1390 1546 1704.0001220703125 1862.0001220703125 2020.9998779296875 2181 2329 2477 2627 2778 2929 2925 2921 2919 2918 2918 2840 2763 2688 2614 2541 2284 2026 1767 1508 1247 989.99993896484375 730 471 239.00001525878906 32 33 29 22 11 -0 10 16 18 21 23 22 20 20 19 17 28 40 52 65 80 93 104.99999237060547 119.00000762939453 132 134 133 134 134 134 135 125 115 105.99999237060547 96 85 85 85 70 40 12 30.000001907348633
2011 1800 1589 1525 1461 1397 1335 1273 1519 1767 2015 2264 2514 2630 2747 2866 2985 3105 3089 3074 3062 3050 3040 2939 2839 2742 2645 2549 2293 2037.0001220703125 1779.9998779296875 1522 1263 1010.0000610351562 755 500 269 62 52.999996185302734 41 27.000001907348633 12 -0 7 13 16 17 18 18 18 17 17 16 27.000001907348633 38 51 64 79 91 104.99999237060547 117.99999237060547 132 137 136 136 137 139 140 128 116 103 90 77 77 76 56 32 10 30.000001907348633
1984 1839 1695.9998779296875 1659 1623 1587 1552 1518 1749 1982 2214 2448 2682 2781 2882 2983 3087 3191 3165 3141 3119 3097 3078 2961 2844 2729 2615 2502 2252 2001 1750 1498 1245 1002.0000610351562 758 512 291 93 75 57 36 15.000000953674316 -0 9 15.000000953674316 18 18 19 19 19 19 19 19 29 40 51 65 78 90 103 115 126 134 135 137 139 142 144 132 120.00000762939453 109 98 87 84 74 52 30.000001907348633 9 27.000001907348633
1957 1879.9998779296875 1803.0001220703125 1793 1786 1777 1770.0001220703125 1764 1979.9998779296875 2196 2413 2630 2849 2933 3017 3102 3188 3277 3241.999755859375 3208.000244140625 3176 3146 3116 2982 2848 2717 2585 2455 2211 1965 1720.0001220703125 1474 1227 995 761 526 314 125 100 75 48 21 -0 10 16 18 19 18 19 20 20 21 21 31 41 52.999996185302734 64 77 89 101 113 124 132 135 138 141 145 149 137 126 116 108.00000762939453 90 78 64 46 28 9 24
1929.9998779296875 1920.0001220703125 1909 1929.0001220703125 1948 1968 1987.9998779296875 2009 2210 2410 2612 2814 3018 3084 3152 3221 3291 3362 3318 3274.000244140625 3233.000244140625 3192 3154 3003 2852 2703 2555 2408 2169 1929.9998779296875 1690 1450 1208 987 764 541 338 160 127 94 60.000003814697266 26 -0 10 16 18 18 17 19 20 22 23 24 33 43 52.999996185302734 64 76 89 101 113 123 132 135 139 144 149 154 143 131 121 112 86 73 58 42 25 8 21
1904.0001220703125 1959 2016 2063 2110 2158 2207 2255 2440 2625 2811 2998 3186 3236 3287 3340.000244140625 3393 3447 3393 3341 3290.000244140625 3240.000244140625 3192 3023 2856 2690 2524 2360 2127 1894 1661 1426 1190 980 769 556 364 195 154 115 73 32 -0 10 16 18 18 17 19 20 22 25 27.000001907348633 36 45 54.000003814697266 64 75 88 101 113 125 131 136 140 146 153 159 148 137 126 114 86 70 56 40 24 8 18
1877 2000 2123 2197 2272 2348 2425 2501 2670 2840 3010 3182 3354 3387 3422 3457 3493.999755859375 3533.000244140625 3468.999755859375 3407 3346 3287 3229 3043 2859 2677 2494 2313 2086 1859 1632 1404 1174 974 774 572 391 231 183 135 88 40 -0 11 16 17 17 15.000000953674316 18 21 23 27.000001907348633 31 39 47 56 65 75 88 101 114 126 128 135 143 149 157 165 154 143 132 116.99999237060547 86 71 54.000003814697266 39 22 7 15.000000953674316
2143 2258 2374 2419 2466 2513 2561 2609 2767 2926 3086 3247 3408.000244140625 3431.000244140625 3454 3479 3505 3531.000244140625 3445 3359.999755859375 3277 3194 3114 2912 2712 2513 2316 2118 1912.9998779296875 1709 1503 1298 1090 908 723 537 371 227 179 132 85 39 -0 10 17 18 17 16 19 22 26 29 33 40 48 57 66 76 90 103 115 128 130 137 144 153 161 168 161 152 143 126 96 81 64 48 32 15.000000953674316 21
2408 2516 2624 2641 2659 2678 2697 2716 2864 3013 3162 3311 3463 3474.000244140625 3486 3500 3514 3530 3421 3313 3207 3102 2999 2781 2565 2350 2136 1921.9998779296875 1740 1559 1376 1192 1007 841 674 503.00003051757813 353 223 176 130 83 38 -0 11 17 19 18 16 20 24 28 31 36 43 50 58.999996185302734 67 76 91 105.99999237060547 119.00000762939453 130 134 140 147 156 164 173 171 162 150 128 105.99999237060547 90 75 58.999996185302734 43 25 27.000001907348633
2674 2775 2875 2864 2854 2843 2833 2825 2962 3099 3238 3377 3516.999755859375 3516.999755859375 3518.999755859375 3521 3525 3529 3397 3266 3138 3010 2884 2650 2417 2187 1957 1727 1568 1410 1249 1087 925 776 625 471 335 219 172 126 82 37 -0 11 17 18 18 17 21 25 30.000001907348633 34 39 45 52.999996185302734 61 68 77 93 109 125 133 136 143 151 159 168 178 174 162 150 134 116 102 87 71 55 37 35
2940 3033 3126 3086 3047 3008 2970 2932 3059 3186 3314 3441.999755859375 3572 3561 3550.999755859375 3541.999755859375 3534 3528 3372 3218.999755859375 3067 2917 2769 2519 2270 2023 1778.0001220703125 1532 1396 1260 1123 984 843.99993896484375 712 578 441 318 213.00001525878906 167 123 80 38 -0 12 18 19 19 17 23 28 32 37 42 49 55 62 69 78 94 111 127 133 138 145 152 161 170 179 172 164 155 143 128 115 100 85 69 52 44
3205 3291 3377 3308.000244140625 3240.000244140625 3173 3106 3040 3156 3272 3390.000244140625 3507 3627 3604 3583.000244140625 3563 3543.999755859375 3525.999755859375 3348 3172 2998 2825 2653 2387 2122 1860 1598 1337 1224 1110 997 881.00006103515625 763 648 532 414 299 203 161 119.00000762939453 79 38 -0 13 19 20 21 19 25 30.000001907348633 36 41 46 52 58 64 71 79 96 113 129 135 141 147 155 164 175 178 173 168 162 154 144 131 116 101 84 67 55
3356.000244140625 3428 3500.999755859375 3443.999755859375 3388 3333.000244140625 3278 3223 3306.000244140625 3389 3474.000244140625 3559 3646 3600.999755859375 3558.000244140625 3516.999755859375 3475 3436 3274.000244140625 3112 2953 2795 2638 2389 2141 1895.0001220703125 1652 1408 1290 1170 1050 929 806.00006103515625 689 571 452 331 226 176 130 86 41 -0 13 17 19 19 17 23 29 34 40 46 52 58.999996185302734 66 72 80 97 114 129 134 140 147 155 164 175 174 172 168 163 157 148 135 117.99999237060547 101 85 68 54.000003814697266
3505 3564 3624.000244140625 3579 3534.999755859375 3491.999755859375 3449.000244140625 3407 3457 3508.000244140625 3559 3611 3665.000244140625 3598 3533.000244140625 3468.999755859375 3407 3345 3198 3052 2908 2766 2625 2392 2161 1932 1704.9998779296875 1479 1355 1231 1105 977.00006103515625 847.99993896484375 729 610 489 368 250 187 142 94 45 -0 12 18 18 18 17 22 28 34 40 47 52 58.999996185302734 66 73 81 99 119.00000762939453 129 133 139 146 154 163 173 173 172 169 166 164 157 145 122 102 84 69 55
3656.000244140625 3702 3749.000244140625 3716 3684 3650.999755859375 3620 3589 3607 3625 3643 3663 3683.000244140625 3595 3508.000244140625 3423 3338 3254 3123 2993 2864 2736 2611 2394 2180 1968 1758 1550 1420 1291 1159 1026 889.99993896484375 769 647 524 401.00003051757812 277 206 157 104 51 -0 12 17 19 18 15.000000953674316 22 28 33 40 47 54.000003814697266 60.000003814697266 67 74 82 100 119.00000762939453 126 131 137 144 152 160 171 174 174 172 169 165 155 146 123 103 85 69 55
3806.000244140625 3839 3873 3852 3831.000244140625 3811 3791 3773 3758.000244140625 3741.999755859375 3728 3715.000244140625 3702 3593 3484.999755859375 3377 3270 3165 3048 2934 2820 2708 2598 2398 2200 2004.9998779296875 1811 1620.0001220703125 1486 1350 1213 1074 933 810.00006103515625 685 560 433 306 229 173 116 58 -0 13 18 18 18 15.000000953674316 22 27.000001907348633 34 41 48 54.000003814697266 61 68 76 82 100 117.99999237060547 124 130 136 142 150 157 164 167 168 167 164 159 152 145 122 102 85 69 54.000003814697266
3957 3975.999755859375 3997 3988 3979 3970 3963 3956.000244140625 3908.000244140625 3859.999755859375 3813 3766.999755859375 3722 3590.000244140625 3459.999755859375 3331.000244140625 3203 3075 2975 2876 2777 2680 2585 2401 2220 2041 1865 1691 1550 1410 1267 1122 974 849 722 594 464 335 253 192 130 66 1 15.000000953674316 19 19 18 15.000000953674316 21 27.000001907348633 34 41 49 55 62 69 77 83 100 117.99999237060547 123 128 134 141 147 155 161 164 165 164 160 156 152 141 117.99999237060547 100 83 68 52.999996185302734
3975 3989 4005 3981.000244140625 3957 3934.999755859375 3913 3891 3837 3784 3732 3681.000244140625 3630 3508.000244140625 3388 3268.999755859375 3151 3034 2936 2840 2744 2650 2558 2383 2211 2040 1873 1707 1571 1434 1296 1155 1010.9999389648437 868.99993896484375 726 582 438 293 220 167 112 56 -0 14 18 19 18 16 22 28 36 42 50 57 63 70 78 84 101 116.99999237060547 122 127 133 139 146 154 159 159 159 160 157 153 145 129 112 96 81 67 52.999996185302734
3991.999755859375 4002 4012 3973 3936 3899.000244140625 3863 3827 3766.999755859375 3709 3650 3593.999755859375 3537 3425.999755859375 3316 3207 3099 2992 2898 2804 2711 2621 2530 2365 2201 2039 1881 1724 1592 1460 1325 1187 1046 889.00006103515625 730 570 410 251 189 144 96 47 -0 13 18 18 19 16 23 29 37 44 51 58 65 73 79 86 103 116.99999237060547 121 126 131 137 143 149 155 155 154 152 147 141 132 119.00000762939453 104.99999237060547 91 78 66 52
4009.999755859375 4014 4020 3966 3915.000244140625 3863 3812 3762 3697 3633.000244140625 3568.999755859375 3507 3445 3345 3243.999755859375 3145 3048 2952 2859 2768 2679 2591 2504 2348 2192 2040 1890 1743 1612.9998779296875 1484 1354 1219 1082 908 733 556 378 214.00001525878906 166 123 81 39 -0 12 17 19 19 18 25 32 38 45 52 58.999996185302734 67 74 81 89 108.00000762939453 116.99999237060547 120.00000762939453 125 130 135 140 146 151 153 150 146 140 133 123 112 100 87 75 64 51
4029 4027 4027 3959.999755859375 3893 3828 3763 3698 3627 3557 3489 3420 3353 3262 3173 3084 2997 2911 2821 2733 2648 2562 2478 2330 2185 2041 1900 1761 1635 1510 1382 1251 1117 927.00006103515625 735 542 350 176 140 103 67 31 -0 12 17 19 20 18 26 33 40 47 55 61 69 76 83 91 109 114 119.00000762939453 124 129 134 138 142 146 149 148 143 136 127 116.99999237060547 105.99999237060547 95 83 72 62 50
4047 4041 4034.999755859375 3954 3872 3791.999755859375 3712 3633.000244140625 3557 3482 3407 3334 3261 3181 3102 3023 2946 2870 2784 2699 2616 2534 2453 2315 2178 2043 1911 1781 1658 1535 1410 1283 1152 946 737 526 325 144 112 81 52 24 -0 11 17 19 20 20 27.000001907348633 35 41 49 56 63 70 78 85 93 109 113 117.99999237060547 123 128 133 137 140 143 145 146 142 133 123 112 101 91 80 70 60.000003814697266 49
3961 3928 3895 3779 3664 3550 3436 3323 3259 3194 3131 3068 3006 2945 2886 2827 2769 2713 2629 2547 2465 2385 2306 2186 2068 1951 1837.0001220703125 1724 1612.9998779296875 1502 1391 1276 1157 954 748 540 347 172 136 101 66 32 -0 12 17 20 20 19 26 33 40 45 52 60.000003814697266 68 77 87 99 109 113 116.99999237060547 122 128 134 137 139 140 141 141 140 133 120.00000762939453 108.00000762939453 97 87 77 68 58 48
3874.000244140625 3814 3754 3605 3456.000244140625 3308.000244140625 3160 3014 2959 2905 2854 2802 2750 2710 2670 2632 2594 2557 2475 2395 2316 2238 2161 2059 1958 1859 1762.9998779296875 1668 1569 1471 1371 1269 1163 964.00006103515625 761 557 369 199 159 119.00000762939453 80 40 0 14 18 19 19 19 25 30.000001907348633 37 43 49 58 67 77 87 99 105.99999237060547 111 116 122 129 134 135 137 139 138 138 137 129 115 104 93 84 74 66 57 48
