testcase/dijle/gvg_0_cm.asc
ncols        125
nrows        200
xllcorner    168000.000000000000
yllcorner    166500.000000000000
cellsize     20.000000000000
NODATA_value  -3.4028234663852886e+038
[rows 35 to 69 of 200, columns 0 to 78 of 125]
1664 1801 1937.0001220703125 2053 2170 2285 2402 2519 2527 2535 2544 2553 2562 2510 2459 2409 2359 2310 2201 2093 1986 1879.0001220703125 1771.9998779296875 1704.0001220703125 1637.0001220703125 1570 1504 1438 1525 1612.0001220703125 1699 1787.0001220703125 1875 1927 1979.0001220703125 2031 2085 2137 2029.9998779296875 1921.9998779296875 1816 1709 1602 1513 1423 1333 1244 1155 1008 859 712 562 414 309 205 116 52 -0 12 20 26 34 41 55 68 83 99 113 123 117.99999237060547 115 110 104 94 84 74 65 57 50
1629.9998779296875 1781 1929.9998779296875 2046.9998779296875 2164 2281 2398 2515 2507 2499 2491 2484 2477 2414 2351 2288 2226 2166 2045.9998779296875 1928.0001220703125 1810 1693 1577 1489 1402 1317 1231 1146 1273 1399 1526 1654.0001220703125 1781 1832 1884 1934 1986 2037.9998779296875 1931 1823 1716 1609 1502 1421 1340 1260 1180 1099 947 794 641 487 333 243 154 87 40 -0 12 21 31 41 52 66 81 99 122 117.99999237060547 115 112 108.00000762939453 103 98 87 78 69 61 52.999996185302734 45
1596 1760 1924 2041 2158 2276 2394 2513 2487 2463 2438 2414 2391 2316 2241 2168 2094 2021.9998779296875 1892 1764 1634 1507 1380 1274 1169 1063 959 855 1021 1187 1355 1521 1689 1737.9998779296875 1787.9998779296875 1837.9998779296875 1889 1939 1832 1724 1617 1509 1403 1330 1259 1186 1115 1043 885.99993896484375 729 571 413 253 175 109 66 27.000001907348633 -0 12 22 35 48 64 77 92 110 128 110 109 105.99999237060547 102 97 93 83 74 64 56 49 42
1564 1707 1850 1959 2067 2177 2287 2396 2340 2284 2228 2173 2119 2020.9998779296875 1925 1829.9998779296875 1735 1640 1544 1447 1352 1257 1163 1064 966 868 772 675 843.99993896484375 1013 1183 1354 1524 1572 1621.9998779296875 1670.9998779296875 1720.9998779296875 1770.0001220703125 1673 1576 1479 1382 1285 1208 1130 1053 976 897.99993896484375 757 615 471.99996948242187 328 183 120.00000762939453 78 52 24 -0 15.000000953674316 27.000001907348633 40 54.000003814697266 71 86 104 124 139 116 112 107.00000762939453 101 95 90 81 71 63 55 48 40
1533 1654.9998779296875 1776 1877 1977 2078 2179 2280 2192 2105 2017 1932 1845.9998779296875 1727 1609 1492 1375 1259 1195 1132 1069 1007 946 854 764 674 584 494.99996948242187 667 839.99993896484375 1012 1186 1360 1407 1455 1505 1553 1602 1515 1428 1342 1254 1167 1085 1002.0000610351562 920 838 755 628 500 373 245 113 75 57 38 21 3 18 30.000001907348633 44 58.999996185302734 76 94 116 147 156 126 116.99999237060547 110 102 95 89 79 69 61 52.999996185302734 46 39
1501 1601 1704.0001220703125 1794 1886 1979.0001220703125 2071 2165 2045.0001220703125 1927 1808 1691 1573 1433 1293 1154 1014.9999389648437 878 847 816 786 758 729 645 562 479 397 316 491 666 843 1018.9999389648437 1196 1243 1291 1339 1387 1434 1358 1281 1205 1128 1050 962 875 787 700 611 498.99996948242187 387 275 163 50 38 34 27.000001907348633 18 7 20 33 47 63 81 100 123 152 153 135 123 112 103 94 86 77 67 58.999996185302734 52 45 39
1469 1549 1629.9998779296875 1712.9998779296875 1795.9998779296875 1879.9998779296875 1962.9998779296875 2049 1898 1746.9998779296875 1598 1450 1300 1139 977.00006103515625 816 656 496.99996948242187 498 500 503.00003051757813 507.00003051757812 513 436 360 285 211.99998474121094 139 316 494 673 853 1032 1080 1126 1173 1220 1268 1202 1135 1067 1000 933 841 747 655 561 467.99996948242187 370 273 177 81 6 15.000000953674316 18 18 16 11 23 35 49 66 83 103 125 151 145 137 127 115 104 94 85 76 66 58 50 43 38
1437 1497 1557 1631 1706 1781 1857 1933 1750 1570 1388 1209 1029 843.99993896484375 662 479 297 116 150 185 220 257 295 226 157 89 25 -0 141 321 503.00003051757813 686 870 916 963 1009 1056 1102 1046 989.99993896484375 932 874 817 719 620 522 423 323 240.00001525878906 158 79 15.000000953674316 -0 -0 3 8 12 14 24 37 51 68 86 104 126 150 143 137 133 117.99999237060547 104.99999237060547 95 85 75 64 56 48 41 37
1373 1394 1417 1452 1487 1523 1559 1596 1452 1309 1166 1022.9999389648437 882 773 664 555 448 341 357 372 388 407.00003051757813 425 361 298 236.99998474121094 178 119.00000762939453 232 345 460 575 692 728 764 801 835.99993896484375 871 827.00006103515625 783 737 692 647 566 485 402 320 235.99998474121094 168 112 64 24 -0 9 14 16 19 21 33 45 58 72 89 107.00000762939453 127 149 139 131 133 121 109 98 87 78 68 58.999996185302734 52 45 40
1309 1293 1278 1273 1269 1265 1262 1259 1153 1048 943 838 735 700 665 633 599 567 563 559 557 555 554 496.99996948242187 440 385 330 278 323 369 416 465 515 540 567 593 618 643 611 578 544 510 477 413 349 284 218 151 111 82 52 25 3 14 19 22 26 30.000001907348633 40 51 64 77 93 110 127 147 137 128 133 123 111 100 91 80 71 63 55 49 43
1245 1191 1138 1094 1050 1007 964.99993896484375 922.99993896484375 854 788 720 654 588 628 668 709 751 794 770 747 725 704 684 631 581 531 484 436 415 393 373 355 337 354 371 386 402 415 396 374 350 327 306 261 214.00001525878906 165 125 88 71 56 38 22 9 17 22 28 33 38 48 58 70 82 96 112 128 145 135 126 133 129 115 103 93 83 74 66 58.999996185302734 52 47
1180 1090 997.99993896484375 914.99993896484375 832 750 667 586 556 526 498 469 442 556 671 786 902.00006103515625 1020 977.00006103515625 934 893 852.00006103515625 813 767 723 679 636 596 505.00003051757812 417 330 244 161 169 177 183 188 190 182 172 156 148 145 120.00000762939453 96 73 56 38 34 29 24 18 13 20 26 34 40 47 56 65 76 87 101 115 130 145 133 123 126 129 116 104.99999237060547 96 86 77 69 62 56 50
1116 987 859 736 614 492.99996948242187 371 250 258 266 276 285 295 484 674 863 1054 1246 1184 1122 1061 1001 943 902.00006103515625 863 827.00006103515625 790 755 597 440 284 133 -0 -0 -0 -0 -0 -0 -0 -0 -0 -0 -0 -0 -0 -0 -0 -0 -0 5 8 13 16 24 31 39 47 56 64 72 82 92 104 119.00000762939453 134 144 132 120.00000762939453 124 128 116.99999237060547 107.00000762939453 98 89 80 73 66 58.999996185302734 54.000003814697266
1091 946 803 730 657 585 513 442 446 450 455.00003051757812 460 466 635 805 976 1148 1321 1266 1213 1161 1111 1060 1016 972.99993896484375 931.00006103515625 892 853 712 574 437 302 170 161 152 140 127 111 101 88 71 61 63 50 37 26 16 5 12 15.000000953674316 16 17 17 24 32 40 48 58 66 74 82 93 104 121 142 142 128 116.99999237060547 121 126 116.99999237060547 107.00000762939453 99 90 82 74 67 61 56
1066 906.00006103515625 747 723 700 677 656 634 634 634 634 635 636 786 937 1089 1242 1395 1349 1305 1262 1219 1178 1130 1083 1037 993 951 828 707 588 469.99996948242187 355 337 320 301 279 256 232 206 176 146 130 105.99999237060547 82 58 34 9 16 19 18 18 17 24 33 41 50 60.000003814697266 67 74 83 92 103 120.00000762939453 139 132 123 114 117.99999237060547 124 116.99999237060547 107.00000762939453 99 90 83 76 69 64 58
1041 864.99993896484375 691 717 743 770 798 827.00006103515625 822 817 813 810.00006103515625 808 939.00006103515625 1070 1202 1336 1469 1433 1397 1362 1328 1295 1244 1193 1143 1095 1048 943.99993896484375 839.99993896484375 738 638 539 514 489 462 434 403.00003051757812 365 324 282 236.99998474121094 202 164 127 90 52 12 19 21 20 19 16 25 33 42 52 62 68 75 82 92 101 116.99999237060547 135 127 117.99999237060547 109 115 122 120.00000762939453 109 99 92 84 77 71 65 60.000003814697266
1016 825 634 711 787 863 941 1018.9999389648437 1010.0000610351562 1001 993 985.00006103515625 978 1090 1202 1315 1429 1544 1516 1489 1462 1437 1413 1357 1303 1249 1197 1146 1059 972.99993896484375 889.00006103515625 806.00006103515625 725 692 659 625 590 552 500 444.99996948242187 390 333 278 219 173 125 72 17 23 25 23 20 15.000000953674316 25 34 44 54.000003814697266 65 69 76 82 90 98 114 130 122 113 105.99999237060547 111 115 117.99999237060547 109 100 92 85 78 73 68 63
989.00006103515625 784 578 704 830 956.00006103515625 1084 1211 1198 1184 1172 1160 1150 1242 1335 1429 1523 1619 1600 1581 1564 1546 1531 1471 1412 1356 1299 1244 1175 1107 1040 975 910.99993896484375 871 831.00006103515625 790 746 702 635 567 498 427 356 281 224 162 97 26 32 32 28 23 15.000000953674316 25 35 45 55 66 71 75 81 87 95 110 125 116 109 103 108.00000762939453 112 116 109 101 94 87 80 75 70 64
1078 951 822.99993896484375 937 1050 1165 1279 1395 1380 1367 1354 1342 1332 1412 1494 1577 1660 1745.0001220703125 1724 1704.9998779296875 1686 1669 1652 1590 1528 1468 1409 1352 1281 1212 1145 1079 1014.0000610351562 964.99993896484375 914.99993896484375 864.00006103515625 810.99993896484375 756 670 582 491 401.00003051757812 310 241.00001525878906 190 135 76 13 21 24 24 20 15.000000953674316 24 32 41 50 58.999996185302734 64 69 76 82 90 104 117.99999237060547 111 105.99999237060547 100 104 109 114 112 101 92 84 77 70 64 58.999996185302734
1167 1118 1069 1169 1271 1372 1475 1578 1563 1549 1537 1524 1512 1583 1654.0001220703125 1725 1796.9998779296875 1870.9998779296875 1849 1828.0001220703125 1810 1791 1773 1708 1644 1581 1520 1460 1388 1318 1249 1182 1118 1059 999 938 877.00006103515625 812 705 596 486 374 265 206 160 111 60.000003814697266 5 17 19 20 18 16 23 30.000001907348633 37 45 54.000003814697266 58 64 70 76 83 98 112 105.99999237060547 101 97 101 104.99999237060547 109 111 101 91 81 73 65 58 52
1256 1284 1313 1402 1491 1580 1670.0001220703125 1760 1745.9998779296875 1732 1718 1707 1694 1753.0001220703125 1812.9998779296875 1873 1935 1995.9998779296875 1975 1953.0001220703125 1932 1912.0001220703125 1895.0001220703125 1827 1760 1695.0001220703125 1629.9998779296875 1567 1495 1424 1355 1287 1221 1153 1085 1014.0000610351562 942 867 739 610 478.00003051757813 346 228 180 136 91 45 0 13 18 19 19 16 22 27.000001907348633 33 39 47 52 57 63 70 78 92 105.99999237060547 102 98 95 98 102 105.99999237060547 110 100 89 79 69 60.000003814697266 52.999996185302734 46
1345 1452 1558 1635 1712.0001220703125 1789 1866 1944 1929.0001220703125 1915 1901 1887.9998779296875 1875 1924 1971.9998779296875 2020.9998779296875 2072 2123 2099 2077 2056 2036 2016 1945.0001220703125 1877 1808 1742 1676 1603.0001220703125 1530 1461 1393 1326 1248 1170 1090 1008 924 774 624 473 321 192 152 112 72 32 -0 10 15.000000953674316 17 18 17 21 24 28 34 40 45 51 57 65 72 87 100 97 94 92 96 99 104 111 102 87 75 65 55 47 40
1435 1619 1804.0001220703125 1867 1932 1995.9998779296875 2062 2128 2112 2098 2083 2071 2057 2094 2132 2171 2210 2250 2225 2202 2179 2158 2137 2065 1993 1921.9998779296875 1853.0001220703125 1785 1711 1639 1567 1498 1432 1344 1255 1166 1074 980 810.00006103515625 638 464 303 163 126 89 51 17 -0 3 10 14 15.000000953674316 16 19 20 24 27.000001907348633 32 37 44 50 58 67 83 95 93 91 90 93 96 101 104.99999237060547 96 83 71 61 50 40 33
1678.0001220703125 1844 2010 2057 2105 2153 2201 2251 2232 2214 2196 2180 2164 2190 2217 2244 2273 2302 2271 2241 2213 2184 2157 2071 1986 1901 1818 1737.0001220703125 1646.9998779296875 1559 1473 1388 1305 1220 1136 1048 959 868 709 549 387 244 121 96 70 43 19 -0 9 15.000000953674316 16 17 16 19 22 26 30.000001907348633 36 40 44 51 58 67 87 92 89 88 87 91 94 99 104 95 84 73 63 52.999996185302734 45 36
1920.0001220703125 2069 2217 2247 2278 2309 2341 2374 2352 2331 2310 2290 2271 2286 2303 2319 2337 2355 2317 2281 2245 2211 2177 2077 1978.0001220703125 1881 1784 1689 1583 1480 1379 1279 1181 1098 1014.9999389648437 930 843.99993896484375 756 607 459 311 188 80 68 52 35 17 -0 11 17 18 17 16 19 23 27.000001907348633 32 38 41 45 50 57 65 84 85 85 85 85 89 94 98 104 95 85 75 66 56 48 39
2164 2292 2422 2437 2450 2465 2481 2496 2471 2447 2423 2400 2377 2382 2387 2394 2400 2408 2364 2321 2279 2238 2198 2085 1971.9998779296875 1860 1750 1640 1521 1402 1285 1170 1055 975 893.99993896484375 812 729 643 506 367 243 142 44 42 36 26 17 2 13 17 18 17 14 18 22 27.000001907348633 33 41 42 45 50 55 62 79 81 81 81 83 87 92 98 103 96 86 77 68 58.999996185302734 51 41
2407 2517 2629 2625 2623 2622 2620 2620 2591 2563 2536 2510 2485 2478 2473 2468 2464 2461 2411 2361 2313 2265 2219 2091 1965 1841 1716 1593 1458 1325 1192 1061 931.00006103515625 852.00006103515625 774 694 613 531 407.00003051757813 281 176 95 14 20 21 19 15.000000953674316 5 14 17 17 16 12 17 21 27.000001907348633 34 42 44 45 48 52 57 75 76 77 79 80 85 91 96 104 96 88 79 71 63 54.000003814697266 44
2650 2742 2835 2815 2796 2778 2760 2743 2711 2680 2649 2620 2591 2574 2558 2542 2528 2515 2457 2401 2346 2292 2239 2098 1959 1820.0001220703125 1683 1546 1396 1247 1099 952.00006103515625 805 730 653 576 498 419 307 195 112 48 -0 3 10 12 13 8 14 15.000000953674316 14 12 8 13 19 25 34 43 43 45 46 49 52.999996185302734 71 72 73 75 78 83 89 96 104 99 91 82 74 66 58 47
2747 2823 2898 2879 2860 2843 2825 2809 2760 2712 2665 2618 2573 2505 2438 2373 2308 2244 2166 2089 2012.9998779296875 1937.9998779296875 1865 1746.9998779296875 1629.9998779296875 1513 1398 1285 1165 1048 930 814.00006103515625 697 624 552 478.00003051757813 403.00003051757812 328 229 148 92 41 -0 10 15.000000953674316 17 16 10 16 18 17 16 13 19 26 32 41 51 50 50 51 52 54.000003814697266 70 70 71 72 74 79 86 93 102 102 92 82 73 64 55 45
2845 2903 2961 2942 2924 2907 2890 2874 2809 2744 2680 2617 2554 2437 2319 2203 2087 1973 1874 1777 1679.9998779296875 1585 1492 1395 1300 1207 1114 1022 934 847 761 676 590 520 448.99996948242187 379 308 238.00001525878906 158 104 68 32 -0 13 17 18 17 12 17 18 19 18 16 23 31 40 49 58.999996185302734 57 56 55 55 56 69 69 69 70 70 76 82 89 95 101 93 82 72 62 52.999996185302734 43
2943 2983 3024 3006 2988 2972 2955 2940 2858 2776 2695 2615 2537 2367 2200 2033 1867 1701 1582 1465 1348 1233 1117 1044 971 899 830 760 704 647 592 537 483 415 347 278 211.99998474121094 145 99 72 48 25 0 13 17 18 17 13 18 20 21 21 18 28 38 47 56 66 63 61 58.999996185302734 58 56 69 68 67 66 67 72 78 85 91 99 96 82 71 61 51 40
3042 3064 3087 3070 3053 3037 3020 3005 2907 2809 2711 2615 2518 2299 2080 1862.9998779296875 1645.9998779296875 1430 1291 1152 1014.9999389648437 879 744 692 642 593 544 496.99996948242187 471.99996948242187 446.99996948242187 423 399 375 310 244 178 114 66 52 38 27.000001907348633 17 2 14 18 19 18 15.000000953674316 20 24 25 26 24 34 44 54.000003814697266 64 75 70 67 64 61 58.999996185302734 68 66 64 64 64 69 75 81 88 94 95 83 71 58.999996185302734 48 38
3139 3144 3150 3133 3117 3101 3086 3072 2955 2841 2726 2613 2500 2229 1961 1692 1426 1159 999 839.99993896484375 682 526 370 341 312 286 260 234.99998474121094 241.00001525878906 247 254 261 267 204 142 76 27.000001907348633 2 3 5 7 9 4 16 20 21 21 18 25 30.000001907348633 31 32 31 42 52 62 72 83 77 72 69 66 65 68 64 63 61 60.000003814697266 65 71 78 84 90 94 82 70 57 45 35
3178 3174 3169 3121 3073 3026 2980 2934 2792 2649 2509 2368 2228 2007 1787.0001220703125 1567 1349 1131 1016 903 790 679 569 546 524 504 485 465 471.99996948242187 478.00003051757813 484 490 496 398 298 196 114 55 45 35 24 15.000000953674316 1 14 18 21 21 19 28 33 36 37 38 48 58 68 78 88 84 81 78 77 76 75 72 70 67 66 71 76 82 88 94 99 88 77 60.000003814697266 45 36
3216.999755859375 3203 3188 3109 3030 2951 2874 2796 2627 2459 2290 2123 1957 1784 1612.0001220703125 1441 1271 1102 1033 964.99993896484375 897 832 768 751 737 722 709 696 703 709 715 720 725 591 455.00003051757812 319 203 109 87 65 43 21 -0 13 18 21 24 25 34 40 43 44 45 55 65 74 84 94 91 89 87 87 86 83 80 77 75 72 77 81 86 92 98 104 99 87 64 46 36
