testcase/grote_nete/input/mlw.asc
ncols        1067
nrows        416
xllcorner    172414.999999993393
yllcorner    194088.000000073574
cellsize     20.000000000000
NODATA_value -32768
[rows 43 to 85 of 416, columns 288 to 383 of 1067]
148 156 164 172 183 198 213 228 243 255 255 244 232 221 210 198 187 178 173 170 169 169 168 167 166 166 164 161 158 155 152 149 147 144 141 139 138 136 135 131 124 117 110 103 96 90 83 77 70 63 -32768 -32768 -32768 -32768 -32768 -32768 -32768 -32768 -32768 -32768 -32768 -32768 -32768 -32768 -32768 -32768 -32768 -32768 -32768 -32768 -32768 -32768 -32768 -32768 -32768 -32768 -32768 -32768 -32768 -32768 -32768 -32768 -32768 -32768 -32768 -32768 -32768 -32768 -32768 -32768 -32768 -32768 -32768 -32768 -32768 -32768
153 161 169 177 187 202 218 233 245 249 252 246 234 223 212 200 189 184 179 174 172 171 171 170 169 168 165 162 159 156 153 151 148 145 143 141 140 138 137 136 130 123 116 109 102 96 89 83 76 70 63 -32768 -32768 -32768 -32768 -32768 -32768 -32768 -32768 -32768 -32768 -32768 -32768 -32768 -32768 -32768 -32768 -32768 -32768 -32768 -32768 -32768 -32768 -32768 -32768 -32768 -32768 -32768 -32768 -32768 -32768 -32768 -32768 -32768 -32768 -32768 -32768 -32768 -32768 -32768 -32768 -32768 -32768 -32768 -32768 -32768
158 166 174 181 192 207 222 236 239 243 246 248 236 225 214 202 194 189 184 179 175 174 174 173 172 170 167 164 161 158 155 152 149 147 145 143 142 140 139 137 136 129 122 115 108 102 95 89 82 76 69 63 -32768 -32768 -32768 -32768 -32768 -32768 -32768 -32768 -32768 -32768 -32768 -32768 -32768 -32768 -32768 -32768 -32768 -32768 -32768 -32768 -32768 -32768 -32768 -32768 -32768 -32768 -32768 -32768 -32768 -32768 -32768 -32768 -32768 -32768 -32768 -32768 -32768 -32768 -32768 -32768 -32768 -32768 -32768 -32768
163 171 179 186 197 212 226 230 233 237 240 243 238 227 216 205 200 195 190 185 180 177 176 176 175 172 168 165 162 159 156 153 151 148 146 145 144 142 141 139 138 135 128 121 114 108 101 95 88 82 75 67 60 -32768 -32768 -32768 -32768 -32768 -32768 -32768 -32768 -32768 -32768 -32768 -32768 -32768 -32768 -32768 -32768 -32768 -32768 -32768 -32768 -32768 -32768 -32768 -32768 -32768 -32768 -32768 -32768 -32768 -32768 -32768 -32768 -32768 -32768 -32768 -32768 -32768 -32768 -32768 -32768 -32768 -32768 -32768
167 175 183 191 201 216 220 224 227 230 234 237 240 229 218 211 206 201 195 190 185 180 179 178 176 173 170 167 164 161 158 155 152 150 148 147 146 144 143 141 140 138 134 127 120 113 106 98 91 84 76 69 62 -32768 -32768 -32768 -32768 -32768 -32768 -32768 -32768 -32768 -32768 -32768 -32768 -32768 -32768 -32768 -32768 -32768 -32768 -32768 -32768 -32768 -32768 -32768 -32768 -32768 -32768 -32768 -32768 -32768 -32768 -32768 -32768 -32768 -32768 -32768 -32768 -32768 -32768 -32768 -32768 -32768 -32768 -32768
172 180 188 196 206 211 214 217 221 224 228 231 235 231 221 216 211 206 201 196 191 186 182 181 178 175 172 168 165 162 159 156 153 152 150 149 147 145 143 141 139 137 136 129 122 115 107 100 93 85 78 71 64 58 -32768 -32768 -32768 -32768 -32768 -32768 -32768 -32768 -32768 -32768 -32768 -32768 -32768 -32768 -32768 -32768 -32768 -32768 -32768 -32768 -32768 -32768 -32768 -32768 -32768 -32768 -32768 -32768 -32768 -32768 -32768 -32768 -32768 -32768 -32768 -32768 -32768 -32768 -32768 -32768 -32768 -32768
177 183 189 195 197 201 205 209 213 217 221 225 229 232 227 222 217 212 207 201 196 191 185 182 178 175 172 168 165 162 158 155 152 150 148 146 144 142 140 138 136 135 134 131 124 116 109 102 95 87 80 73 66 60 -32768 -32768 -32768 -32768 -32768 -32768 -32768 -32768 -32768 -32768 -32768 -32768 -32768 -32768 -32768 -32768 -32768 -32768 -32768 -32768 -32768 -32768 -32768 -32768 -32768 -32768 -32768 -32768 -32768 -32768 -32768 -32768 -32768 -32768 -32768 -32768 -32768 -32768 -32768 -32768 -32768 -32768
170 176 182 187 187 188 192 196 200 204 208 212 216 218 217 211 206 201 195 190 185 179 177 178 175 171 168 165 161 158 155 151 149 147 145 143 141 139 137 135 133 132 131 130 126 118 111 104 96 89 82 75 68 62 55 -32768 -32768 -32768 -32768 -32768 -32768 -32768 -32768 -32768 -32768 -32768 -32768 -32768 -32768 -32768 -32768 -32768 -32768 -32768 -32768 -32768 -32768 -32768 -32768 -32768 -32768 -32768 -32768 -32768 -32768 -32768 -32768 -32768 -32768 -32768 -32768 -32768 -32768 -32768 -32768 -32768
163 169 175 177 176 176 179 183 187 191 195 199 202 203 204 200 195 189 184 179 173 168 170 172 171 168 164 161 158 154 151 148 146 144 142 140 138 136 134 132 130 129 129 128 127 120 113 105 98 91 84 77 71 64 57 -32768 -32768 -32768 -32768 -32768 -32768 -32768 -32768 -32768 -32768 -32768 -32768 -32768 -32768 -32768 -32768 -32768 -32768 -32768 -32768 -32768 -32768 -32768 -32768 -32768 -32768 -32768 -32768 -32768 -32768 -32768 -32768 -32768 -32768 -32768 -32768 -32768 -32768 -32768 -32768 -32768
156 162 167 166 166 165 166 170 174 178 182 186 187 188 189 189 183 178 173 167 162 161 163 165 167 164 161 157 154 151 148 145 143 141 139 137 135 133 131 129 128 127 126 125 124 122 114 107 100 93 86 79 73 66 59 52 -32768 -32768 -32768 -32768 -32768 -32768 -32768 -32768 -32768 -32768 -32768 -32768 -32768 -32768 -32768 -32768 -32768 -32768 -32768 -32768 -32768 -32768 -32768 -32768 -32768 -32768 -32768 -32768 -32768 -32768 -32768 -32768 -32768 -32768 -32768 -32768 -32768 -32768 -32768 -32768
148 155 156 156 155 155 154 157 161 165 169 171 172 173 174 176 172 167 161 156 152 154 156 158 160 161 157 154 150 147 145 142 140 138 136 134 132 130 128 126 125 124 124 123 122 121 116 109 102 95 88 81 75 68 61 54 -32768 -32768 -32768 -32768 -32768 -32768 -32768 -32768 -32768 -32768 -32768 -32768 -32768 -32768 -32768 -32768 -32768 -32768 -32768 -32768 -32768 -32768 -32768 -32768 -32768 -32768 -32768 -32768 -32768 -32768 -32768 -32768 -32768 -32768 -32768 -32768 -32768 -32768 -32768 -32768
141 146 146 145 145 144 143 144 148 152 155 157 158 159 160 161 161 155 150 145 145 147 149 151 153 156 154 150 147 144 142 139 137 135 133 131 129 127 125 124 123 122 121 120 119 118 117 111 104 97 90 83 77 70 64 58 52 -32768 -32768 -32768 -32768 -32768 -32768 -32768 -32768 -32768 -32768 -32768 -32768 -32768 -32768 -32768 -32768 -32768 -32768 -32768 -32768 -32768 -32768 -32768 -32768 -32768 -32768 -32768 -32768 -32768 -32768 -32768 -32768 -32768 -32768 -32768 -32768 -32768 -32768 -32768
134 136 135 134 134 133 133 132 135 138 141 142 143 144 145 146 147 144 139 136 138 140 142 145 147 149 150 147 143 141 139 137 134 132 130 128 126 124 122 121 120 119 118 118 117 116 115 113 106 100 94 87 81 75 68 62 58 -32768 -32768 -32768 -32768 -32768 -32768 -32768 -32768 -32768 -32768 -32768 -32768 -32768 -32768 -32768 -32768 -32768 -32768 -32768 -32768 -32768 -32768 -32768 -32768 -32768 -32768 -32768 -32768 -32768 -32768 -32768 -32768 -32768 -32768 -32768 -32768 -32768 -32768 -32768
125 125 124 124 123 123 122 122 121 125 126 127 128 129 130 131 132 133 127 129 131 133 136 138 140 142 144 143 140 138 136 134 131 129 127 125 123 121 120 119 118 118 118 118 118 118 118 116 111 105 98 92 86 79 73 67 63 60 -32768 -32768 -32768 -32768 -32768 -32768 -32768 -32768 -32768 -32768 -32768 -32768 -32768 -32768 -32768 -32768 -32768 -32768 -32768 -32768 -32768 -32768 -32768 -32768 -32768 -32768 -32768 -32768 -32768 -32768 -32768 -32768 -32768 -32768 -32768 -32768 -32768 -32768
116 116 115 115 114 114 113 113 112 114 115 115 116 117 117 118 119 119 121 123 125 127 129 131 133 135 137 139 137 136 134 132 130 128 127 125 123 122 122 122 122 122 122 122 122 122 122 118 115 109 103 97 90 84 78 73 69 65 -32768 -32768 -32768 -32768 -32768 -32768 -32768 -32768 -32768 -32768 -32768 -32768 -32768 -32768 -32768 -32768 -32768 -32768 -32768 -32768 -32768 -32768 -32768 -32768 -32768 -32768 -32768 -32768 -32768 -32768 -32768 -32768 -32768 -32768 -32768 -32768 -32768 -32768
111 110 110 109 109 108 108 108 109 111 112 113 114 114 115 116 116 117 118 120 122 125 127 129 131 133 135 138 140 138 136 135 133 131 129 127 126 126 126 126 126 126 126 126 126 126 124 121 118 114 107 101 95 88 82 78 75 71 67 -32768 -32768 -32768 -32768 -32768 -32768 -32768 -32768 -32768 -32768 -32768 -32768 -32768 -32768 -32768 -32768 -32768 -32768 -32768 -32768 -32768 -32768 -32768 -32768 -32768 -32768 -32768 -32768 -32768 -32768 -32768 -32768 -32768 -32768 -32768 -32768 -32768
106 105 104 104 103 103 103 102 105 108 110 111 111 112 113 113 114 115 116 118 120 122 124 126 128 130 133 138 142 141 139 137 135 134 132 130 129 129 129 130 130 130 130 130 130 130 126 123 120 117 112 106 99 93 88 84 80 76 72 -32768 -32768 -32768 -32768 -32768 -32768 -32768 -32768 -32768 -32768 -32768 -32768 -32768 -32768 -32768 -32768 -32768 -32768 -32768 -32768 -32768 -32768 -32768 -32768 -32768 -32768 -32768 -32768 -32768 -32768 -32768 -32768 -32768 -32768 -32768 -32768 -32768
101 100 99 98 98 98 97 99 102 104 107 108 109 110 110 111 112 113 114 116 118 120 122 124 126 128 132 137 141 144 142 140 138 136 134 133 133 133 133 133 134 134 134 134 134 132 129 126 123 119 116 110 104 97 93 90 86 82 78 74 -32768 -32768 -32768 -32768 -32768 -32768 -32768 -32768 -32768 -32768 -32768 -32768 -32768 -32768 -32768 -32768 -32768 -32768 -32768 -32768 -32768 -32768 -32768 -32768 -32768 -32768 -32768 -32768 -32768 -32768 -32768 -32768 -32768 -32768 -32768 -32768
97 95 93 93 93 92 93 96 98 101 104 106 107 107 108 109 110 111 113 114 115 118 120 122 124 127 132 136 140 145 144 143 141 139 137 136 136 137 137 137 137 137 137 137 137 135 131 128 125 122 119 115 108 103 99 95 91 87 84 80 -32768 -32768 -32768 -32768 -32768 -32768 -32768 -32768 -32768 -32768 -32768 -32768 -32768 -32768 -32768 -32768 -32768 -32768 -32768 -32768 -32768 -32768 -32768 -32768 -32768 -32768 -32768 -32768 -32768 -32768 -32768 -32768 -32768 -32768 -32768 -32768
92 90 89 88 87 87 89 92 95 98 100 103 104 105 106 107 108 109 111 112 113 115 117 119 122 126 131 135 140 144 147 145 143 142 140 140 140 140 141 141 141 141 141 141 140 137 134 131 127 124 121 118 113 108 105 101 97 94 90 87 81 -32768 -32768 -32768 -32768 -32768 -32768 -32768 -32768 -32768 -32768 -32768 -32768 -32768 -32768 -32768 -32768 -32768 -32768 -32768 -32768 -32768 -32768 -32768 -32768 -32768 -32768 -32768 -32768 -32768 -32768 -32768 -32768 -32768 -32768 -32768
87 86 84 82 82 83 86 89 91 94 97 100 102 103 104 105 106 107 109 110 111 113 115 117 121 126 130 134 139 143 148 148 146 144 143 144 144 144 144 144 145 145 145 145 143 139 136 133 130 127 124 121 119 115 112 108 105 102 98 95 87 75 -32768 -32768 -32768 -32768 -32768 -32768 -32768 -32768 -32768 -32768 -32768 -32768 -32768 -32768 -32768 -32768 -32768 -32768 -32768 -32768 -32768 -32768 -32768 -32768 -32768 -32768 -32768 -32768 -32768 -32768 -32768 -32768 -32768 -32768
83 81 79 77 77 80 82 85 88 91 93 96 99 100 102 103 104 105 107 108 109 110 113 116 120 125 129 134 138 142 147 150 149 147 147 147 147 148 148 148 148 149 149 148 145 142 140 139 137 136 135 134 129 123 120 116 113 109 106 103 94 82 70 58 -32768 -32768 -32768 -32768 -32768 -32768 -32768 -32768 -32768 -32768 -32768 -32768 -32768 -32768 -32768 -32768 -32768 -32768 -32768 -32768 -32768 -32768 -32768 -32768 -32768 -32768 -32768 -32768 -32768 -32768 -32768 -32768
80 78 77 75 77 80 83 85 88 91 93 96 99 100 101 102 103 104 105 106 107 109 111 115 119 124 128 133 137 142 146 150 151 150 151 151 151 151 152 152 153 154 155 156 155 153 152 151 150 148 147 146 139 133 127 124 121 117 114 111 100 88 76 64 55 -32768 -32768 -32768 -32768 -32768 -32768 -32768 -32768 -32768 -32768 -32768 -32768 -32768 -32768 -32768 -32768 -32768 -32768 -32768 -32768 -32768 -32768 -32768 -32768 -32768 -32768 -32768 -32768 -32768 -32768 -32768
79 77 75 75 79 82 85 87 90 93 96 98 100 101 102 103 104 105 106 107 108 109 114 118 122 126 130 134 138 142 146 150 154 155 156 157 158 159 160 161 162 163 164 166 167 166 165 163 162 161 160 156 149 143 136 132 129 125 122 118 106 94 82 73 67 60 52 -32768 -32768 -32768 -32768 -32768 -32768 -32768 -32768 -32768 -32768 -32768 -32768 -32768 -32768 -32768 -32768 -32768 -32768 -32768 -32768 -32768 -32768 -32768 -32768 -32768 -32768 -32768 -32768 -32768
77 75 74 77 80 84 87 90 92 95 98 100 101 102 103 104 105 106 107 108 109 114 120 124 128 132 136 140 144 148 152 156 161 165 166 167 168 169 170 171 172 173 174 176 177 178 177 176 174 173 172 166 159 153 146 140 136 133 130 124 112 101 90 84 78 72 65 57 49 -32768 -32768 -32768 -32768 -32768 -32768 -32768 -32768 -32768 -32768 -32768 -32768 -32768 -32768 -32768 -32768 -32768 -32768 -32768 -32768 -32768 -32768 -32768 -32768 -32768 -32768 -32768
76 74 75 79 82 86 89 92 94 97 100 101 102 104 105 106 106 107 108 109 114 120 125 130 134 138 142 146 150 154 158 162 167 173 175 176 177 178 179 180 181 182 184 185 187 188 189 188 187 186 183 176 170 163 156 150 144 141 137 131 119 107 102 96 90 84 77 70 62 54 47 -32768 -32768 -32768 -32768 -32768 -32768 -32768 -32768 -32768 -32768 -32768 -32768 -32768 -32768 -32768 -32768 -32768 -32768 -32768 -32768 -32768 -32768 -32768 -32768 -32768
74 73 77 80 84 87 91 94 97 99 102 103 104 105 106 107 108 109 109 114 120 125 131 136 140 144 148 152 156 160 164 169 174 179 185 186 187 188 189 190 191 192 193 195 197 198 200 200 199 198 193 186 180 173 166 160 153 149 145 137 125 119 113 107 101 95 89 82 74 67 59 51 45 -32768 -32768 -32768 -32768 -32768 -32768 -32768 -32768 -32768 -32768 -32768 -32768 -32768 -32768 -32768 -32768 -32768 -32768 -32768 -32768 -32768 -32768 -32768
73 75 78 82 85 89 93 96 99 101 103 104 105 106 107 108 109 110 114 120 125 131 136 141 145 149 153 157 161 165 170 176 181 186 191 195 196 197 198 199 201 202 203 205 206 208 210 211 212 210 203 196 190 183 176 170 163 157 153 143 136 130 124 119 113 107 101 95 87 79 72 63 52 48 45 -32768 -32768 -32768 -32768 -32768 -32768 -32768 -32768 -32768 -32768 -32768 -32768 -32768 -32768 -32768 -32768 -32768 -32768 -32768 -32768 -32768
73 77 80 84 87 91 94 98 101 103 104 105 106 107 108 109 110 114 119 125 131 136 142 147 151 155 159 163 167 172 177 182 188 193 198 203 206 207 208 209 210 211 213 215 216 218 219 221 223 220 213 207 200 193 187 180 173 167 161 154 148 142 136 130 124 118 112 106 99 92 84 76 64 56 52 49 45 -32768 -32768 -32768 -32768 -32768 -32768 -32768 -32768 -32768 -32768 -32768 -32768 -32768 -32768 -32768 -32768 -32768 -32768 -32768
74 78 81 84 88 91 95 98 102 104 106 107 108 109 110 111 113 119 125 130 136 141 147 153 157 161 165 169 173 179 184 189 194 200 205 210 215 217 218 219 220 221 223 224 226 227 229 230 228 225 219 212 206 199 193 186 180 174 169 165 159 153 147 141 136 130 124 118 112 104 96 89 77 65 60 56 53 49 46 -32768 -32768 -32768 -32768 -32768 -32768 -32768 -32768 -32768 -32768 -32768 -32768 -32768 -32768 -32768 -32768 -32768
71 74 78 81 85 88 92 95 101 108 109 110 111 112 113 114 118 124 130 136 141 147 152 158 163 167 171 175 180 185 191 196 201 206 211 217 222 226 227 228 229 231 232 234 236 237 235 234 232 230 224 217 211 204 198 191 185 180 177 173 168 164 159 153 147 141 135 129 124 117 109 101 89 78 67 63 60 57 53 50 46 -32768 -32768 -32768 -32768 -32768 -32768 -32768 -32768 -32768 -32768 -32768 -32768 -32768 -32768 -32768
69 71 75 78 82 85 89 93 100 107 112 113 114 115 116 117 123 129 135 141 147 152 158 163 169 173 177 182 187 192 197 203 208 213 218 223 229 234 237 238 239 241 242 244 243 241 239 237 236 234 229 222 216 209 203 197 191 188 184 181 176 172 168 164 159 153 147 141 135 129 121 114 102 90 78 71 67 64 60 57 54 50 47 -32768 -32768 -32768 -32768 -32768 -32768 -32768 -32768 -32768 -32768 -32768 -32768 -32768
69 68 72 75 79 82 86 92 99 106 113 116 117 118 119 122 128 134 140 145 151 157 163 169 174 179 183 188 194 199 204 209 214 220 225 230 235 241 246 247 249 250 250 248 247 245 243 241 240 238 234 227 221 215 208 202 199 195 192 189 184 180 176 172 167 163 158 152 146 141 134 126 115 103 91 79 75 71 68 64 61 58 56 49 -32768 -32768 -32768 -32768 -32768 -32768 -32768 -32768 -32768 -32768 -32768 -32768
68 68 69 72 76 79 84 91 98 105 112 119 120 121 122 127 133 138 144 150 156 162 168 174 180 185 190 195 200 206 211 216 221 226 232 237 242 247 252 257 258 256 254 252 250 249 247 245 243 242 239 233 226 220 213 210 206 203 200 197 192 188 184 180 175 171 167 163 158 152 146 139 127 115 104 92 82 79 75 72 69 67 65 58 -32768 -32768 -32768 -32768 -32768 -32768 -32768 -32768 -32768 -32768 -32768 -32768
68 67 66 69 72 76 83 90 97 104 111 118 123 124 126 132 137 143 149 155 161 167 172 176 180 188 193 199 204 209 214 220 225 230 235 241 246 251 256 260 260 259 258 256 254 253 251 249 247 245 244 238 231 225 220 217 214 211 208 205 200 196 192 188 183 179 175 171 167 162 158 151 140 128 116 104 93 86 82 79 77 75 73 67 59 -32768 -32768 -32768 -32768 -32768 -32768 -32768 -32768 -32768 -32768 -32768
67 66 66 66 69 75 82 89 96 103 110 117 124 127 130 136 142 148 153 157 161 165 169 173 178 188 196 201 206 211 216 222 227 232 237 243 248 253 258 258 258 258 258 258 257 256 255 253 251 249 248 243 236 231 228 225 222 219 216 213 208 204 200 196 191 187 183 179 175 170 166 161 152 140 129 117 105 94 90 88 86 84 82 76 68 61 -32768 -32768 -32768 -32768 -32768 -32768 -32768 -32768 -32768 -32768
67 66 65 64 67 74 81 88 95 102 109 116 123 130 134 138 142 146 150 154 158 162 166 170 178 188 197 203 208 213 219 224 229 234 240 245 250 255 257 257 257 257 256 256 256 256 256 256 255 253 251 248 242 239 236 233 230 227 224 220 216 212 208 204 199 195 191 187 182 178 173 168 163 152 140 128 117 106 100 97 95 93 93 90 78 70 62 -32768 -32768 -32768 -32768 -32768 -32768 -32768 -32768 -32768
66 66 65 64 67 74 82 89 96 103 110 117 124 129 131 135 139 143 147 151 155 159 162 168 178 187 197 205 210 215 221 226 231 236 242 247 252 255 255 255 255 255 255 255 255 254 254 254 254 254 254 253 250 247 244 241 238 234 231 228 224 220 216 212 207 203 199 194 189 184 179 174 169 163 151 140 128 120 114 108 103 104 106 111 99 82 72 64 -32768 -32768 -32768 -32768 -32768 -32768 -32768 -32768
66 65 65 66 71 77 84 91 98 105 112 119 126 128 129 132 136 140 144 147 151 155 159 168 177 187 196 206 212 218 223 228 233 239 244 249 254 254 254 254 254 254 254 253 253 253 253 253 253 252 252 257 257 255 252 249 245 242 239 236 232 228 224 220 215 210 205 200 196 191 186 181 176 171 163 151 141 135 128 127 125 119 118 124 126 108 91 74 66 -32768 -32768 -32768 -32768 -32768 -32768 -32768
66 65 64 69 74 79 86 93 100 107 114 122 125 126 127 129 132 136 140 144 148 152 158 167 177 186 196 206 214 220 225 230 235 241 246 251 252 252 252 252 252 252 252 252 252 252 251 251 251 251 255 260 264 262 259 256 253 250 247 244 240 236 231 226 222 217 212 207 202 197 192 187 182 177 172 162 155 147 146 153 151 144 129 137 144 135 118 101 83 67 -32768 -32768 -32768 -32768 -32768 -32768
66 65 67 72 77 82 88 95 102 109 117 122 124 125 126 127 129 133 137 141 145 149 157 167 176 186 196 205 215 222 227 232 238 243 248 251 251 251 251 251 251 251 251 251 250 250 250 250 250 252 257 262 267 269 266 263 260 257 254 251 247 243 238 233 228 223 218 213 208 204 199 194 189 184 179 173 165 156 155 165 166 152 138 146 154 156 138 120 103 85 70 -32768 -32768 -32768 -32768 -32768
65 66 71 76 81 85 90 97 104 112 119 121 122 123 124 126 127 130 134 138 142 147 157 166 176 186 195 205 214 224 229 234 240 245 250 250 250 250 249 249 249 249 249 249 249 249 249 248 250 255 260 265 270 275 273 270 267 264 261 258 254 249 244 239 235 230 225 220 215 210 205 200 195 190 185 179 172 165 160 162 161 152 146 151 156 153 147 129 112 94 82 74 -32768 -32768 -32768 -32768
65 69 74 79 84 89 94 99 107 114 118 120 121 122 123 124 125 127 131 135 139 147 156 166 176 185 195 204 214 224 231 237 242 247 248 248 248 248 248 248 248 248 248 248 248 247 247 248 253 258 263 268 273 278 280 277 274 271 268 264 260 255 250 246 241 236 231 226 221 217 212 207 202 197 191 185 179 171 165 160 156 152 148 153 153 151 149 138 120 103 94 86 79 -32768 -32768 -32768
