testcase/grote_nete/input/mlw.asc
ncols        1067
nrows        416
xllcorner    172414.999999993393
yllcorner    194088.000000073574
cellsize     20.000000000000
NODATA_value -32768
[rows 258 to 300 of 416, columns 672 to 767 of 1067]
344 338 331 324 317 310 308 311 315 322 331 340 349 358 366 376 386 397 406 412 418 425 431 433 426 420 413 412 416 420 424 428 431 434 437 442 447 453 459 464 467 470 473 477 485 493 501 509 520 531 542 553 565 568 569 559 533 527 530 532 528 492 439 357 275 194 189 184 178 173 170 167 164 162 160 157 157 156 155 155 154 154 155 155 156 156 156 149 143 136 130 124 123 123 122 122
325 318 311 304 297 291 284 287 292 301 310 319 327 336 345 354 364 375 381 388 394 400 407 413 408 402 395 399 403 407 411 415 419 422 426 431 437 443 448 454 458 461 464 471 479 487 495 503 512 523 535 546 547 548 549 534 508 488 491 494 496 498 438 362 281 199 185 180 174 168 164 161 159 157 154 152 151 151 150 150 149 149 150 150 150 151 151 148 142 135 129 126 126 125 125 124
305 298 291 284 278 271 264 262 271 280 289 297 306 315 324 333 343 351 357 363 370 376 382 388 390 384 382 386 390 394 398 403 407 410 415 421 426 432 438 444 449 452 457 465 473 481 489 497 505 516 526 527 528 529 530 509 482 456 452 455 457 438 402 326 249 191 181 175 169 164 160 156 154 151 149 148 146 145 145 144 144 144 145 145 145 146 146 147 141 134 129 129 128 128 127 127
292 285 278 270 263 256 249 246 254 262 270 278 287 295 303 311 320 326 332 339 345 351 358 364 370 366 369 373 377 381 385 390 393 396 403 410 416 422 427 433 439 443 451 459 467 475 483 491 499 505 506 507 508 509 511 484 457 431 413 416 400 377 354 290 213 192 179 170 165 160 156 151 148 146 144 143 141 140 140 139 139 139 139 140 140 141 141 142 139 133 132 131 131 130 130 129
279 272 265 258 251 243 238 237 241 249 258 266 274 282 290 298 301 306 312 317 323 329 335 340 346 351 354 356 359 362 365 367 370 373 378 385 392 399 406 413 420 435 447 455 463 472 480 488 496 480 483 486 489 490 486 459 432 406 379 363 340 317 294 254 205 192 179 166 160 156 152 147 143 141 139 138 137 135 134 134 134 134 135 135 135 136 136 137 137 134 134 134 133 133 132 132
267 259 252 245 238 231 229 229 229 237 245 253 261 269 278 283 284 286 292 298 304 310 315 321 327 328 331 334 337 339 342 345 348 351 354 361 368 375 382 389 401 418 443 453 462 470 478 486 479 459 456 459 462 465 451 423 396 368 342 326 298 271 243 216 205 192 178 165 157 153 148 144 140 130 128 126 125 123 131 132 132 133 133 128 122 123 123 124 124 136 136 135 135 134 134 134
254 247 240 232 225 220 220 220 220 224 232 240 249 257 265 266 267 268 273 279 284 290 296 302 304 305 308 312 314 317 320 323 326 329 332 337 344 351 358 369 383 401 426 451 460 468 476 481 461 442 429 432 435 429 406 380 353 325 308 298 273 245 218 204 197 184 171 158 155 151 147 143 137 120 111 109 108 108 122 132 132 132 133 120 105 106 106 107 115 131 136 136 136 135 136 136
241 234 227 220 212 212 212 212 211 211 220 228 236 244 248 249 250 251 254 259 265 271 277 280 281 283 286 289 292 295 297 300 303 306 309 312 319 326 337 351 366 383 409 434 458 466 474 463 443 424 404 404 407 384 361 337 309 285 274 263 247 220 196 192 187 176 163 155 153 150 146 142 130 113 96 92 91 99 113 128 132 132 126 111 97 88 89 90 107 123 137 137 137 137 137 137
225 221 214 207 203 203 203 203 203 203 207 215 223 231 232 233 233 234 235 240 246 252 256 258 259 260 263 266 269 272 275 278 281 284 287 290 295 305 320 334 348 366 391 417 442 464 465 445 426 406 387 377 362 338 315 292 266 251 240 229 219 194 184 179 175 169 156 153 151 148 145 139 122 105 88 75 76 90 105 119 132 132 118 103 89 74 72 82 98 114 130 138 138 138 138 139
209 209 201 195 194 194 194 194 194 194 194 202 210 214 215 216 217 217 218 221 226 232 234 235 236 238 240 243 246 249 254 258 262 265 269 272 278 290 302 317 331 349 374 400 425 449 443 424 404 385 365 347 323 299 275 251 230 219 208 197 186 177 172 167 162 157 153 151 148 146 144 132 115 98 81 64 67 82 96 110 125 125 110 95 80 66 57 73 89 105 122 138 139 140 140 140
192 192 189 186 186 186 186 186 186 185 185 190 196 197 198 199 200 201 201 202 207 210 211 213 214 215 217 223 231 238 245 250 254 257 261 264 273 284 296 308 320 329 354 379 403 420 413 395 376 356 337 320 300 276 252 228 218 209 198 187 176 174 170 165 160 155 153 150 148 145 142 135 118 101 84 70 69 84 98 112 126 133 120 104 89 74 70 81 97 113 130 142 143 144 144 144
181 179 178 178 178 177 177 177 177 177 177 177 179 180 181 182 183 184 185 185 187 190 194 197 200 204 207 215 222 230 236 241 245 249 253 259 268 278 290 302 313 319 333 357 382 384 377 367 347 328 310 293 277 253 229 211 205 199 188 177 170 170 169 164 159 155 152 150 148 145 140 134 122 105 88 82 80 86 100 114 124 130 130 115 99 89 89 90 107 123 139 145 147 148 148 149
178 176 173 176 176 175 175 175 174 174 174 171 174 175 177 178 179 180 181 183 182 187 190 194 197 200 202 206 214 221 227 232 237 241 245 254 264 273 284 296 303 309 315 336 356 349 341 334 319 299 283 267 250 231 207 198 192 186 178 167 166 166 166 162 158 155 152 150 147 144 137 131 125 109 96 94 92 90 102 115 121 128 135 125 109 108 107 107 116 132 146 148 150 152 153 154
174 171 168 171 173 173 173 172 172 172 170 165 169 173 174 175 176 178 179 178 177 181 186 190 194 196 198 201 206 212 217 223 228 233 240 249 259 269 278 288 294 300 305 315 321 313 306 298 290 272 256 240 223 207 192 186 180 174 168 162 162 162 161 161 157 155 152 149 147 141 135 129 122 113 107 105 103 101 104 113 119 126 132 135 128 127 126 126 126 142 149 151 153 155 157 158
169 165 163 166 170 171 171 170 170 168 164 159 163 168 171 172 174 175 175 174 173 175 180 185 190 192 195 197 199 204 209 214 220 225 233 243 253 262 272 276 282 288 294 299 292 285 277 270 263 248 231 215 199 182 176 170 163 157 151 159 159 159 158 158 157 154 152 149 147 143 136 130 123 117 115 113 111 109 108 114 121 127 134 140 142 143 145 144 144 150 152 154 156 158 163 168
164 160 158 161 165 168 168 168 167 163 158 154 158 163 167 170 171 172 171 170 169 170 175 180 185 188 190 193 195 198 203 209 214 219 225 234 244 254 260 262 268 273 279 277 270 263 256 249 238 224 208 192 175 164 157 151 145 139 142 154 157 156 156 156 156 154 151 149 148 147 140 134 127 122 118 116 113 111 114 119 126 132 139 144 147 149 150 151 153 151 155 157 159 161 168 177
158 155 153 156 160 163 166 166 162 157 153 148 152 157 162 167 168 168 167 166 164 164 169 174 179 184 186 188 191 193 197 203 208 214 219 226 236 245 247 249 253 259 263 256 249 242 235 227 213 199 185 168 152 146 139 133 126 121 133 145 154 154 154 154 154 154 151 149 149 148 144 138 132 127 122 118 116 116 121 125 131 138 143 148 152 154 155 156 154 153 155 158 161 164 173 182
153 149 147 151 154 157 159 159 156 151 147 142 146 151 156 160 163 163 163 161 160 159 163 168 173 178 182 184 187 189 192 197 202 208 213 218 227 233 235 237 239 244 241 235 228 221 214 202 188 175 161 145 134 127 121 114 108 111 123 135 147 152 152 152 152 153 151 150 149 149 148 142 137 132 126 121 119 123 127 132 136 143 147 152 156 159 159 157 154 154 155 158 162 165 173 181
138 136 136 138 140 142 144 145 142 139 136 134 136 140 144 147 149 149 149 149 149 150 157 162 168 173 178 180 183 185 188 191 196 202 207 212 218 220 222 225 227 227 220 213 206 200 191 177 164 150 136 122 116 109 102 96 90 102 115 127 139 148 149 149 149 149 149 149 148 148 147 145 141 136 131 126 124 129 134 138 142 145 149 153 156 162 161 158 156 156 156 158 160 164 171 178
123 122 122 124 126 128 129 130 129 126 123 122 123 127 131 134 135 136 136 136 135 142 151 156 161 166 171 175 177 180 182 182 186 191 196 202 204 205 207 210 212 211 206 199 192 185 178 165 151 137 123 114 109 103 97 91 90 99 111 123 135 140 142 142 143 143 144 144 143 142 142 144 140 135 130 126 126 131 135 139 145 154 146 150 153 162 167 164 158 156 157 161 160 162 169 179
108 108 109 110 112 113 114 114 115 112 110 111 112 114 118 120 121 122 122 122 126 135 143 149 155 160 164 169 171 174 176 174 174 180 185 189 190 190 192 194 196 194 192 185 178 171 165 156 142 127 115 109 104 98 92 86 91 97 107 119 128 132 135 136 136 137 138 138 138 137 138 140 139 134 130 126 125 131 137 141 153 164 155 147 153 162 172 168 161 155 160 165 166 163 170 187
93 94 95 96 97 98 99 99 100 99 99 100 101 101 104 105 107 108 109 110 118 127 135 143 148 153 157 162 165 168 168 166 165 168 173 175 176 176 177 179 179 177 175 171 164 157 151 145 132 118 110 105 99 93 87 85 91 97 103 115 120 123 127 130 130 131 132 132 133 133 134 136 137 133 130 127 125 131 137 143 157 170 154 137 142 152 160 157 151 149 156 162 159 156 164 185
84 84 85 86 88 92 92 92 92 92 93 93 94 94 95 95 96 97 98 102 110 119 127 136 142 146 150 155 159 161 160 159 157 157 161 161 162 162 162 163 162 160 158 157 150 144 138 131 122 110 105 100 94 89 83 85 91 97 103 107 111 115 119 123 124 125 125 126 126 126 125 125 125 128 130 127 125 127 124 123 131 137 135 126 129 136 138 136 135 138 144 143 140 140 147 156
79 76 77 78 84 93 93 93 93 92 93 93 94 94 94 94 95 96 97 97 106 114 122 130 138 142 146 150 154 152 151 150 149 148 148 148 149 149 150 146 144 142 140 139 135 129 123 117 111 105 100 95 89 84 79 85 88 92 95 91 91 95 99 107 101 100 100 100 109 101 99 99 101 108 110 111 107 108 107 107 107 106 106 110 112 108 108 111 114 117 119 116 116 118 120 120
75 68 69 71 80 89 93 93 93 93 92 93 93 93 93 93 94 95 95 96 101 109 117 126 136 140 144 148 147 139 138 137 136 136 138 138 139 139 139 131 126 124 122 121 119 113 107 101 105 99 94 89 83 78 77 76 79 82 85 79 72 75 82 93 87 75 75 82 93 87 75 73 79 86 90 87 77 82 91 87 79 78 84 90 88 80 82 90 98 96 82 83 91 96 94 79
71 64 61 67 76 84 93 94 93 93 93 93 93 93 93 93 93 94 94 94 96 104 113 122 132 138 142 145 138 130 126 125 124 125 127 128 129 129 126 118 109 106 104 102 101 97 91 95 99 93 88 82 77 77 76 75 74 73 72 66 59 58 68 78 74 62 57 67 77 72 64 59 65 71 75 65 58 70 78 76 64 58 70 80 75 62 63 73 83 75 61 50 70 83 78 56
68 61 55 63 72 81 89 93 93 93 93 93 93 92 92 92 92 93 93 93 94 99 109 118 128 136 140 136 129 121 114 113 112 114 116 118 119 119 112 104 96 88 86 84 83 82 86 90 93 87 81 76 76 76 75 74 73 72 72 68 64 63 69 76 75 66 64 69 76 74 66 65 67 74 73 61 61 69 79 80 69 63 70 76 74 66 60 69 75 70 59 54 66 73 74 59
66 59 57 60 69 77 85 86 87 87 86 86 86 86 87 87 87 87 88 89 89 92 103 113 123 133 135 128 120 112 104 100 102 103 105 107 109 107 99 92 89 86 87 87 86 85 86 88 88 84 79 78 77 76 75 74 73 73 74 73 71 70 71 74 74 72 72 73 73 73 70 71 72 72 71 70 70 74 79 78 74 74 73 76 75 70 67 69 69 69 64 63 67 68 70 65
64 58 58 59 66 74 78 79 80 80 80 80 80 80 80 80 80 80 81 82 83 83 92 103 113 123 124 117 109 101 94 91 93 95 97 98 100 100 97 94 91 88 90 91 90 89 89 90 90 87 85 84 82 80 78 76 75 75 75 75 73 73 73 72 72 71 70 70 71 71 69 69 69 70 70 69 69 72 76 73 71 70 70 71 70 66 64 65 64 64 62 60 61 62 63 63
62 59 60 60 63 69 71 72 74 74 74 74 74 74 74 74 74 74 74 75 76 76 81 92 102 99 103 104 97 89 81 80 91 92 94 96 100 101 98 95 92 91 92 94 93 92 91 92 92 92 91 88 85 83 81 79 77 76 76 74 72 71 71 71 70 68 66 68 70 68 66 66 67 68 67 66 66 69 73 68 65 62 63 64 62 59 57 58 60 58 56 55 55 55 55 52
60 61 61 62 63 63 64 65 67 67 67 67 67 67 67 67 67 67 67 68 69 70 70 81 79 76 80 87 84 76 69 69 81 90 91 96 100 100 99 96 94 93 94 96 95 92 93 95 99 100 94 92 92 89 86 83 82 80 78 76 75 72 71 71 69 67 65 67 68 67 63 63 65 67 67 65 65 68 69 64 59 58 59 59 58 55 53 55 56 54 52 51 51 51 51 46
64 66 67 68 69 67 67 67 67 66 66 66 65 65 65 65 65 65 65 65 66 66 66 65 60 55 60 68 75 65 57 58 72 87 92 96 100 100 100 98 97 97 97 98 98 98 101 97 98 94 89 88 89 90 90 86 84 85 84 79 80 77 73 73 71 68 66 69 70 68 65 64 66 68 68 67 65 67 65 62 57 57 57 56 55 54 53 52 52 50 50 49 49 48 47 46
68 70 73 74 73 72 72 71 71 70 69 68 68 68 67 67 67 67 68 68 68 68 69 71 70 67 70 77 81 80 70 70 85 94 97 101 101 102 102 101 100 100 100 100 101 106 103 98 96 93 90 87 86 86 84 82 80 80 81 81 77 77 78 75 75 72 71 72 73 71 68 67 68 70 70 67 64 63 62 60 58 56 55 55 53 52 51 51 50 49 49 48 48 48 47 47
74 74 77 79 78 77 76 75 75 74 72 71 70 70 70 69 69 69 70 70 70 71 72 74 77 78 78 83 87 92 92 92 97 100 103 105 104 104 103 102 102 102 101 102 103 106 105 100 96 93 90 88 86 84 83 81 79 78 77 76 75 74 75 73 75 73 73 72 72 72 69 69 70 67 64 63 61 59 59 57 55 54 53 53 52 51 49 49 49 48 48 47 47 47 47 47
80 78 81 84 83 81 80 80 79 77 76 74 73 73 72 71 71 72 73 72 71 72 75 77 80 75 77 81 92 99 105 106 102 105 108 108 108 106 105 104 104 103 103 104 105 107 108 100 96 92 89 87 85 83 81 78 77 76 75 73 72 70 70 69 68 66 66 66 66 67 69 67 64 61 59 58 57 56 55 55 53 52 51 51 51 49 48 48 48 47 46 46 46 46 44 44
84 83 86 88 87 86 85 85 84 81 78 77 77 76 75 74 75 76 76 74 72 74 79 85 85 83 77 84 95 107 117 113 109 110 112 112 111 109 108 107 107 106 106 106 107 107 105 100 96 92 89 87 85 83 80 77 75 74 73 71 69 67 66 66 65 63 62 62 61 62 62 61 59 58 57 55 54 53 52 52 51 50 50 49 49 48 47 47 46 46 45 45 45 44 42 42
91 89 91 94 94 96 92 93 89 87 83 82 81 80 78 77 78 79 80 78 77 81 85 92 95 96 85 92 101 112 120 118 116 115 115 115 114 112 112 111 112 111 109 109 110 112 107 100 96 92 89 87 86 84 81 78 76 74 73 71 69 67 66 65 63 61 60 59 59 59 58 58 57 56 55 54 53 52 52 51 50 49 48 48 47 47 47 46 46 45 44 45 45 44 43 43
98 96 97 100 104 111 108 102 96 93 89 87 85 84 82 81 81 82 83 85 86 89 96 103 105 99 102 105 109 115 119 120 118 118 118 118 117 116 117 117 117 116 115 116 114 111 106 101 98 94 90 88 86 85 83 79 76 75 74 72 70 67 65 64 63 61 59 59 58 58 57 55 55 55 54 53 51 51 51 50 49 48 48 48 47 47 47 46 46 45 45 45 45 45 44 45
100 100 102 105 114 119 115 115 105 98 94 91 89 88 86 85 84 85 87 89 91 95 104 104 102 101 104 111 114 120 123 122 122 122 121 121 121 121 123 125 125 124 122 121 116 110 105 101 99 95 91 88 87 86 82 79 77 75 74 71 68 66 65 64 61 59 58 58 57 56 55 54 54 53 53 51 50 50 50 49 48 48 48 48 48 47 47 46 46 46 46 46 46 46 46 47
102 103 107 113 121 114 112 114 111 102 98 95 92 91 89 88 87 88 90 93 95 97 100 98 97 94 95 106 121 127 130 129 127 126 126 125 125 126 128 124 120 118 117 116 112 105 102 99 98 96 93 90 88 85 82 79 77 75 73 69 66 65 64 63 60 57 56 57 56 54 52 52 53 52 51 49 49 49 50 48 47 47 48 48 48 47 47 47 46 46 46 46 46 49 50 50
104 105 112 123 117 111 109 110 113 108 102 98 96 93 92 91 90 91 94 96 98 93 94 96 93 87 80 98 116 134 139 135 133 132 130 129 129 131 127 121 115 111 113 112 107 101 97 95 98 99 95 92 90 92 89 86 82 78 73 70 67 66 65 62 59 56 56 56 55 53 52 52 52 51 50 49 49 49 49 48 47 48 48 48 48 47 47 47 47 46 46 46 47 50 53 54
116 119 122 117 112 109 107 108 109 111 108 103 100 97 95 94 94 95 98 102 101 93 94 96 95 91 87 99 118 134 144 141 139 138 136 135 131 127 124 119 115 111 111 111 106 101 100 102 105 104 98 94 97 103 102 98 94 86 78 74 71 70 67 64 61 58 58 57 56 54 53 52 52 52 51 50 50 50 49 48 48 48 48 48 48 48 47 47 47 47 47 47 49 52 56 58
125 122 117 113 110 108 107 106 105 106 107 109 105 102 100 99 98 98 103 108 100 96 97 100 102 99 103 112 125 139 150 154 151 149 145 138 129 126 123 120 116 114 114 113 110 107 104 108 111 111 108 106 104 110 114 111 103 95 87 79 75 73 69 66 62 59 59 57 56 55 53 53 53 52 51 50 50 50 49 49 48 48 48 48 48 48 47 47 47 47 47 47 51 54 57 61
