testcase/grote_nete/input/mlw.asc
ncols        1067
nrows        416
xllcorner    172414.999999993393
yllcorner    194088.000000073574
cellsize     20.000000000000
NODATA_value -32768
[rows 86 to 128 of 416, columns 0 to 95 of 1067]
128 136 144 151 159 167 176 184 193 201 209 218 226 235 243 252 257 262 268 273 278 284 289 294 300 305 311 310 309 310 311 311 311 309 307 306 305 306 307 308 309 311 311 311 310 308 304 301 297 293 290 286 282 279 275 271 268 262 255 247 240 232 224 217 209 201 194 186 179 177 176 178 179 181 182 184 186 187 189 189 182 184 190 196 201 207 212 215 219 225 231 237 243 248 253 258
127 134 142 150 160 169 177 185 194 202 210 219 227 236 244 252 259 264 270 275 280 286 291 297 302 307 313 317 317 315 313 311 309 307 306 304 303 304 305 306 307 309 310 311 312 310 306 302 298 293 289 285 281 277 272 268 264 256 249 243 236 230 223 217 211 203 196 188 180 176 177 178 180 181 183 185 186 188 190 191 190 196 200 203 207 210 213 217 220 226 233 239 245 251 258 264
124 131 138 150 162 171 179 187 196 204 212 220 229 237 245 254 261 266 272 277 282 287 293 298 303 309 314 316 315 313 311 309 307 305 304 302 301 302 303 304 305 307 308 309 308 306 302 298 294 290 285 281 277 273 269 264 258 249 242 235 229 223 216 210 204 197 191 184 178 176 178 180 181 183 185 186 188 190 191 193 195 198 201 205 208 211 215 218 222 228 234 240 246 253 259 265
120 128 137 150 162 173 181 189 198 206 214 222 231 239 247 255 262 267 273 278 283 288 294 299 304 310 315 314 312 311 309 307 305 303 302 300 299 300 301 302 303 305 306 305 303 301 299 294 290 286 282 277 273 269 265 260 252 243 235 228 222 216 209 203 196 190 184 177 171 176 180 182 183 185 187 188 190 192 193 195 197 200 203 206 209 213 216 220 223 229 235 241 248 254 260 258
117 125 137 149 162 174 183 191 200 208 216 224 233 241 249 256 262 268 274 279 284 290 295 300 305 311 314 312 310 309 307 305 303 301 300 298 297 298 299 300 301 303 302 300 298 296 294 291 286 282 278 274 269 265 261 254 245 237 229 221 215 208 202 196 189 183 177 170 171 176 181 184 186 187 189 191 192 194 196 198 200 202 205 208 211 214 218 221 224 230 236 243 249 255 254 250
114 124 137 149 162 174 185 193 202 210 218 226 235 243 251 257 263 269 275 280 285 291 296 301 307 312 312 310 308 307 305 303 301 299 298 296 295 296 297 298 299 299 297 295 293 291 289 287 283 278 274 270 266 262 256 247 239 231 223 214 208 201 195 189 182 176 169 166 171 176 181 186 188 190 191 193 195 196 198 200 202 205 207 210 212 216 219 223 226 232 238 244 250 250 246 242
112 124 137 149 162 174 187 195 204 212 220 228 237 245 251 257 263 269 276 281 286 292 297 302 308 311 310 308 306 304 303 301 299 297 296 294 293 294 295 296 296 294 292 290 288 286 285 283 279 275 270 266 262 258 249 241 233 225 216 208 201 194 188 181 175 169 162 166 171 176 181 186 190 192 193 195 197 198 200 203 205 207 210 212 214 217 221 224 227 233 239 245 247 242 238 234
112 124 137 149 162 174 186 197 206 214 222 230 239 246 252 258 264 270 276 282 288 293 298 303 309 309 307 306 304 302 301 299 297 296 294 292 291 292 293 293 291 289 287 285 283 282 280 278 275 271 267 262 258 251 243 235 227 219 210 202 194 187 181 174 168 162 161 166 171 176 181 186 192 194 196 197 199 201 203 205 208 210 212 215 217 219 222 225 229 234 240 243 239 234 230 225
112 124 136 149 161 174 186 199 208 216 224 232 240 246 252 258 265 271 277 283 289 294 299 305 309 307 305 304 302 300 299 297 295 293 292 290 289 290 290 288 286 284 282 280 279 277 275 273 271 267 263 259 253 245 237 229 221 212 204 196 188 180 174 167 161 156 161 166 171 176 181 186 192 196 198 199 201 203 205 208 210 212 215 217 219 222 224 227 230 235 240 235 231 226 222 217
111 124 136 149 161 174 186 199 210 218 226 234 241 247 253 259 265 271 277 283 289 295 300 306 307 305 303 302 300 298 296 295 293 291 290 288 287 287 285 283 281 279 277 276 274 272 270 268 266 263 259 255 247 239 231 223 214 206 198 190 181 173 166 160 154 156 161 166 171 176 181 186 192 197 200 202 203 205 208 210 213 215 217 220 222 224 227 229 232 236 232 227 223 218 214 209
111 124 136 149 161 174 186 198 211 220 228 235 241 248 254 260 266 272 278 284 290 296 301 306 305 303 301 299 298 296 294 293 291 289 288 286 285 282 280 278 276 274 273 271 269 267 265 263 261 259 255 249 241 233 225 216 208 200 192 183 175 167 159 153 151 156 161 166 171 176 181 186 192 197 202 204 206 208 210 213 215 217 220 222 225 227 228 228 228 229 225 220 216 211 207 202
111 124 136 148 161 173 186 198 211 222 230 236 242 248 254 260 266 272 279 285 291 297 303 304 302 301 299 297 296 294 292 290 289 287 285 283 287 287 284 281 278 276 273 270 267 264 261 258 256 255 251 243 235 227 218 210 202 194 186 177 169 161 153 146 151 156 161 166 171 176 181 186 192 197 202 206 208 211 213 215 215 215 215 215 214 214 214 214 215 220 219 215 210 206 202 197
111 123 136 148 161 173 186 198 211 223 230 237 243 249 255 261 267 273 279 285 291 297 303 302 300 299 297 295 293 292 290 288 286 285 283 283 288 292 289 287 284 281 278 275 272 269 266 263 260 258 247 238 230 221 213 205 196 188 180 172 163 155 147 144 150 155 160 165 170 175 180 185 190 195 200 205 202 202 201 201 201 201 201 200 200 200 200 199 203 208 213 210 205 201 196 192
108 120 132 145 157 170 182 195 207 219 228 234 240 246 252 259 265 271 277 283 289 295 298 300 298 296 294 293 291 289 287 286 284 282 280 284 289 294 295 292 289 286 283 280 277 274 271 269 266 259 245 233 225 217 208 200 192 184 175 167 159 150 143 142 146 151 156 161 166 171 176 181 186 191 196 195 188 187 187 187 187 186 186 186 186 185 185 186 191 196 201 204 200 196 191 187
104 116 129 141 154 166 178 191 203 214 225 232 238 244 250 256 262 268 274 280 286 292 294 295 295 294 292 290 288 287 285 283 282 280 280 285 290 295 299 297 294 291 288 285 282 280 277 274 271 257 243 230 220 212 204 195 187 179 171 162 154 146 143 142 142 147 152 157 162 167 172 177 182 187 191 185 178 173 173 172 172 172 172 171 171 171 171 174 179 184 189 194 195 190 186 181
100 112 125 137 150 162 175 187 198 209 220 230 236 242 248 254 260 266 272 278 284 287 289 291 292 291 290 288 286 284 283 281 279 277 281 286 291 296 300 302 299 296 293 291 288 285 282 279 270 256 242 228 216 207 199 191 182 174 166 158 149 144 143 142 141 143 148 153 158 163 168 173 178 183 181 175 168 162 158 158 158 157 157 157 157 157 157 162 167 172 177 182 187 185 181 176
96 109 121 133 146 158 171 183 193 204 215 225 234 240 246 252 258 264 270 276 281 283 284 286 288 289 287 285 284 282 280 278 277 277 282 287 292 297 302 306 304 302 299 296 293 290 287 282 268 254 240 226 212 203 194 186 178 170 161 153 145 143 142 141 140 139 144 149 154 159 164 169 175 178 171 165 158 151 145 144 143 143 143 143 142 142 145 150 155 160 165 170 175 180 175 171
92 105 117 130 142 155 167 178 189 199 210 220 231 238 244 250 256 262 268 274 276 278 280 281 283 285 285 283 281 280 278 276 274 278 283 288 293 298 303 307 310 307 304 301 298 295 292 280 266 252 239 225 211 198 190 181 173 165 157 148 144 143 142 141 140 139 140 145 150 155 160 166 171 168 161 154 148 141 135 129 129 129 128 128 128 128 133 138 143 148 153 158 163 168 170 166
88 101 113 126 138 151 162 173 184 194 205 215 226 235 241 247 253 259 265 270 272 273 275 277 279 280 282 281 279 277 275 274 275 279 284 289 294 299 304 308 313 312 309 306 303 300 292 278 265 251 237 223 209 195 185 177 168 160 152 144 144 143 142 141 140 139 138 141 146 151 157 162 164 157 151 144 138 131 125 118 114 114 114 114 114 116 121 126 131 136 141 146 151 156 161 161
85 97 110 122 134 147 157 168 179 189 200 210 221 232 239 245 251 257 263 265 267 269 270 272 274 276 277 278 277 275 273 271 276 280 285 290 295 300 305 310 314 317 314 311 308 305 291 277 263 249 235 221 207 194 180 172 164 156 147 144 143 142 141 140 139 138 137 137 143 148 153 158 154 147 141 134 128 121 114 108 101 100 100 99 99 104 109 114 119 124 129 134 139 144 149 154
85 93 106 118 131 142 152 163 174 184 195 205 216 227 237 243 249 255 259 261 262 264 266 268 269 271 273 274 274 272 271 272 277 282 286 291 296 301 306 311 315 320 319 317 314 303 289 275 261 247 234 220 206 192 178 167 159 151 145 144 143 142 141 140 139 138 137 136 139 144 149 150 144 137 131 124 117 111 104 98 91 85 85 85 87 92 97 102 107 112 117 122 127 132 137 142
85 90 102 114 126 137 148 158 169 179 190 200 211 222 232 241 247 252 254 256 258 259 261 263 265 266 268 270 272 270 268 273 278 283 287 292 297 302 307 312 316 321 325 322 315 301 287 274 260 246 232 218 204 190 176 163 154 146 144 143 142 141 141 140 139 138 137 136 135 140 145 140 134 127 120 114 107 101 94 88 81 75 71 70 75 80 85 90 95 100 105 110 115 120 125 130
85 90 98 111 121 132 143 153 164 174 185 196 206 217 227 238 244 248 250 251 253 255 257 258 260 262 263 265 267 268 269 274 279 284 288 293 298 303 308 313 318 322 327 327 314 300 286 272 258 244 230 216 203 189 175 161 150 145 144 143 142 141 140 139 138 137 136 135 134 136 137 130 123 117 110 104 97 91 84 78 71 64 58 58 63 68 73 78 83 88 93 99 104 110 116 122
86 91 96 106 116 127 138 148 159 169 180 191 201 212 222 233 241 243 245 247 248 250 252 253 255 256 258 260 261 263 266 271 276 280 285 290 295 299 304 309 314 318 323 323 309 295 282 268 254 240 227 213 199 186 172 158 146 145 144 143 142 141 140 139 138 137 136 135 134 133 128 122 116 110 104 98 92 86 80 74 68 62 56 54 59 65 71 77 82 88 94 99 105 111 117 122
92 97 102 107 118 129 140 150 161 172 182 193 204 215 225 236 235 235 237 239 240 242 243 245 247 248 250 252 253 254 254 259 263 268 273 278 282 287 292 297 302 306 310 308 299 285 272 258 244 231 217 203 189 176 162 148 146 149 148 147 146 145 144 143 142 141 140 139 139 136 132 126 120 114 108 102 96 90 84 78 72 66 61 58 60 66 72 77 83 89 94 100 106 112 117 123
101 106 110 114 122 133 144 154 165 176 186 197 208 219 229 235 231 227 229 230 232 234 235 237 239 240 242 244 245 245 244 247 251 256 261 266 270 275 280 285 289 294 294 291 289 275 262 248 234 221 207 193 180 166 152 143 147 152 152 151 150 149 148 147 146 146 145 144 143 139 135 130 124 118 112 106 100 94 88 82 76 70 67 64 61 67 72 78 84 89 95 101 107 112 118 124
110 115 119 123 127 137 148 158 169 180 191 201 212 223 233 230 226 222 221 222 224 226 227 229 231 232 234 235 236 235 235 235 239 244 249 254 258 263 268 273 277 280 278 275 273 265 252 238 224 211 197 183 170 156 142 143 148 153 156 155 154 153 152 152 151 150 149 148 145 141 138 134 128 122 116 110 104 98 92 86 80 76 73 70 67 67 73 79 84 90 96 101 107 113 119 121
119 123 127 131 135 141 152 162 173 184 195 205 216 227 230 225 221 217 213 214 216 218 219 221 222 224 226 227 227 226 226 226 227 232 237 241 246 251 256 260 265 264 261 259 256 254 242 228 214 201 187 173 160 146 139 144 149 154 158 159 159 158 157 156 155 154 153 151 148 144 140 137 132 126 120 114 108 102 96 90 84 81 78 76 73 70 74 79 85 91 96 102 108 114 118 119
127 131 135 139 143 147 156 166 177 188 199 209 220 229 225 221 217 213 209 206 208 209 211 213 214 216 218 218 217 217 217 216 216 220 225 229 234 239 244 248 250 248 245 243 240 238 232 218 204 191 177 163 150 136 140 145 150 154 159 164 163 162 161 160 159 158 157 154 150 147 143 139 136 130 124 118 112 106 100 94 90 87 84 81 79 76 74 80 86 91 97 103 109 114 116 117
135 139 143 147 151 155 160 170 181 192 203 213 224 224 220 216 212 208 204 200 200 201 203 205 206 208 209 208 208 208 208 207 207 208 212 217 222 227 231 236 234 231 229 226 224 221 219 208 195 181 167 153 140 136 141 146 150 155 160 165 167 166 165 164 163 162 160 156 153 149 146 142 138 134 128 122 116 110 104 98 96 93 90 87 84 81 79 81 86 92 98 104 109 113 114 114
143 147 151 155 159 163 167 174 185 196 207 217 224 220 215 211 207 203 199 195 192 193 195 197 198 200 200 199 199 199 198 198 198 198 200 205 210 215 219 220 217 215 213 210 208 205 203 198 185 171 157 144 132 137 142 147 151 156 161 166 170 170 169 168 167 166 163 159 155 152 148 144 141 137 132 126 120 114 108 104 101 98 96 93 90 87 84 82 87 93 99 104 110 111 111 112
152 156 160 164 168 172 176 180 189 200 211 221 219 215 211 207 203 199 195 191 187 185 187 188 190 191 190 190 190 190 189 189 189 188 188 193 198 202 206 204 201 199 196 194 191 189 186 184 175 161 147 134 133 138 143 147 152 157 162 166 171 174 173 172 171 169 165 162 158 154 151 147 143 140 136 130 124 118 113 110 107 104 101 99 96 93 90 87 88 94 99 105 108 108 109 110
160 164 168 172 176 180 184 188 193 204 215 218 214 210 206 202 198 194 190 186 182 178 179 180 182 182 181 181 181 180 180 180 179 179 179 181 186 190 190 187 185 183 180 178 175 173 170 168 165 151 137 129 134 139 143 148 153 158 162 167 172 177 177 176 175 171 168 164 161 157 153 150 146 142 139 134 128 122 118 116 113 110 107 104 102 99 96 93 90 94 100 105 105 106 107 108
168 172 176 180 184 188 192 196 200 208 218 214 210 205 201 197 193 189 185 181 177 173 171 172 173 172 172 172 171 171 171 171 170 170 170 169 173 176 174 171 169 166 164 161 159 156 154 151 149 141 127 130 135 139 144 149 154 158 163 168 173 178 181 180 178 174 170 167 163 160 156 152 149 145 141 138 132 127 124 121 119 116 113 110 107 104 102 99 96 95 101 102 103 104 105 105
176 180 184 188 192 196 200 204 208 212 213 209 205 201 197 193 189 185 181 177 172 168 164 164 163 163 163 163 162 162 162 161 161 161 161 160 161 160 157 155 152 150 148 145 143 140 138 135 133 130 126 131 135 140 145 150 155 159 164 169 174 178 183 184 180 177 173 169 166 162 158 155 151 148 144 140 136 133 130 127 124 121 119 116 113 110 107 105 102 99 99 100 101 101 102 103
173 177 181 185 190 194 198 202 206 209 206 202 198 194 190 186 182 178 174 170 166 162 158 158 157 157 157 157 156 156 156 155 155 155 155 154 154 152 149 147 144 142 139 137 134 132 129 127 124 122 130 135 139 144 149 154 158 163 168 173 177 182 187 189 185 182 178 174 171 167 164 160 156 153 149 146 139 133 130 127 124 121 118 115 112 110 107 104 101 98 97 98 99 99 100 101
168 172 176 180 185 189 193 197 201 200 197 194 190 186 182 178 174 170 166 162 158 154 152 153 153 153 153 153 152 152 152 151 151 151 151 150 149 148 146 143 141 138 136 133 131 128 126 123 121 125 135 141 146 150 155 160 165 169 174 179 184 188 192 193 192 189 185 181 178 174 171 167 163 160 156 153 141 130 128 125 122 119 116 113 110 107 104 101 98 97 96 96 97 97 98 99
163 167 171 175 180 184 188 192 193 191 188 186 182 178 174 170 166 162 158 154 149 145 147 148 149 149 149 149 148 148 148 147 147 147 147 146 145 144 142 140 137 135 132 130 127 125 122 120 119 129 138 147 152 156 161 166 171 176 180 185 190 195 196 197 198 195 192 188 185 181 177 174 170 167 163 155 144 132 125 122 119 116 113 110 108 105 102 99 96 95 95 94 95 95 96 97
158 162 166 170 174 179 183 186 184 182 179 177 174 170 166 162 157 153 149 145 141 140 142 143 144 145 145 145 144 144 144 143 143 143 143 142 141 140 139 137 134 132 129 126 124 121 119 116 123 132 142 151 158 163 167 172 177 182 186 191 196 199 200 201 203 202 199 195 191 188 184 181 177 173 169 157 146 135 123 120 117 114 111 108 105 102 99 96 95 94 94 93 93 93 94 95
153 157 161 165 169 174 178 177 175 173 170 168 165 161 157 153 149 145 141 137 134 135 137 138 139 141 141 141 140 140 140 139 139 139 138 137 136 136 135 133 131 128 126 123 121 118 116 117 126 136 145 155 164 169 174 178 183 188 193 197 202 203 204 206 207 208 205 202 198 195 191 187 184 180 171 160 148 137 126 117 114 111 108 106 103 100 97 95 94 93 92 92 91 91 92 93
148 152 156 160 164 168 171 168 166 164 161 159 157 153 149 145 141 137 133 129 129 130 132 133 134 136 137 137 136 136 136 135 135 135 134 133 132 131 130 129 127 125 122 120 117 115 112 120 130 139 149 158 168 175 180 185 189 194 199 204 206 207 209 210 211 212 212 209 205 201 198 194 191 185 174 162 151 139 128 117 112 109 106 103 100 97 94 93 93 92 91 90 90 89 90 91
143 147 151 155 159 163 162 159 157 155 152 150 148 145 141 137 133 129 125 123 124 125 127 128 130 131 132 133 132 132 132 131 131 130 129 129 128 127 126 125 124 121 119 116 114 111 114 124 133 143 152 162 171 181 186 191 195 200 205 209 210 212 213 214 215 216 217 216 212 208 205 201 198 187 176 165 153 142 130 119 109 106 104 101 98 95 93 92 91 91 90 89 88 88 88 89
141 142 146 150 154 155 153 150 148 146 143 141 138 136 133 129 125 121 117 118 119 120 122 123 125 126 127 129 128 128 128 127 127 126 125 124 123 122 122 121 120 118 115 113 110 108 118 127 137 146 156 165 175 184 192 197 202 206 211 213 215 216 217 218 219 220 221 222 219 215 212 208 201 190 178 167 156 144 133 121 110 104 101 98 95 92 92 91 90 89 89 88 87 86 86 87
