testcase/grote_nete/input/mlw.asc
ncols        1067
nrows        416
xllcorner    172414.999999993393
yllcorner    194088.000000073574
cellsize     20.000000000000
NODATA_value -32768
[rows 301 to 343 of 416, columns 864 to 959 of 1067]
60 60 60 60 61 65 81 91 92 95 96 90 76 71 66 66 66 65 64 63 62 62 60 58 57 57 57 56 55 53 59 60 69 81 82 75 66 56 52 54 62 69 77 85 92 100 108 117 118 119 120 122 123 124 124 125 127 135 142 150 157 165 173 182 191 187 179 171 164 156 167 180 194 207 220 236 253 270 284 290 295 288 277 267 257 246 236 226 216 205 195 185 176 169 161 152
59 60 60 60 60 70 89 108 112 115 117 98 81 75 68 67 66 65 63 62 61 61 59 57 56 56 55 53 53 52 53 54 58 63 61 56 49 50 51 52 57 65 73 80 88 96 105 113 119 120 121 123 124 125 125 125 126 131 138 146 153 161 170 179 188 194 187 179 171 170 184 197 210 224 237 251 264 281 298 303 299 288 278 268 258 247 237 227 216 206 196 186 175 168 160 151
59 59 59 60 60 70 89 108 128 131 122 101 80 69 65 69 70 68 61 59 60 62 61 56 54 54 55 53 51 50 49 50 51 49 47 48 49 50 51 51 53 60 68 76 83 92 101 110 118 121 122 124 125 125 125 126 126 127 135 142 150 158 167 176 185 194 194 186 178 187 200 214 227 241 254 267 281 294 309 310 300 289 279 269 259 248 238 228 217 207 197 187 176 167 161 157
60 60 60 61 62 73 86 108 132 143 121 100 82 64 66 70 74 68 61 56 59 62 60 55 51 53 54 53 50 49 49 50 50 46 46 48 49 50 50 51 51 56 64 71 80 88 97 106 115 122 123 125 125 126 126 126 127 127 131 138 147 155 164 173 182 191 200 194 191 204 217 231 244 257 271 284 295 304 313 309 299 288 278 268 257 247 237 227 216 206 196 185 175 174 172 167
61 61 62 62 66 75 84 98 119 126 115 107 96 82 84 87 90 87 80 74 74 77 65 60 56 56 57 54 51 49 50 51 50 47 47 48 49 50 50 50 50 52 59 67 76 84 93 102 111 120 124 126 126 126 127 127 127 128 128 135 144 153 161 170 179 188 197 201 207 221 234 244 254 263 273 282 292 302 305 306 296 286 276 265 255 245 235 224 214 204 193 183 177 185 188 183
62 62 63 64 65 72 78 82 99 95 97 108 114 105 106 108 108 108 103 98 92 87 74 65 63 60 59 55 53 50 51 51 50 50 50 49 49 49 50 50 50 50 55 63 72 81 89 98 107 116 125 126 126 127 127 127 127 127 127 133 142 151 160 169 177 186 195 203 212 222 232 241 251 260 270 280 289 296 297 297 294 284 273 263 253 243 232 222 212 201 191 181 187 195 203 198
64 64 64 65 67 68 73 78 79 81 85 107 117 125 126 125 122 122 123 117 111 92 79 63 60 59 60 57 49 49 52 52 51 47 46 45 49 50 50 50 50 50 52 61 71 80 89 99 108 117 123 123 123 123 123 123 124 124 126 134 142 151 160 169 178 186 195 202 210 219 229 238 248 258 267 277 287 288 288 289 290 281 271 261 251 240 230 220 209 199 189 190 198 206 214 214
70 68 66 66 66 68 74 79 75 69 77 99 125 136 142 136 128 128 132 131 121 96 78 61 50 53 59 58 44 48 54 55 52 45 42 45 49 50 50 50 50 49 54 64 74 83 92 102 111 120 121 120 120 120 120 120 120 120 127 135 142 151 160 169 178 187 193 200 207 216 226 236 245 255 265 274 279 279 280 281 282 279 269 259 248 238 228 217 207 197 192 200 208 216 224 229
85 83 81 74 65 68 74 78 71 68 74 103 129 144 156 148 138 135 139 142 129 104 81 63 48 52 58 62 55 49 55 58 53 47 42 44 48 51 51 50 48 47 57 67 77 86 95 105 114 118 118 117 116 117 117 117 117 121 128 136 143 151 160 169 178 185 192 198 205 214 223 233 243 252 262 270 270 271 272 273 274 274 267 256 246 236 225 215 205 194 202 211 219 227 235 243
100 98 97 92 81 82 90 95 94 91 93 111 131 143 149 147 139 139 143 146 132 111 87 69 65 64 69 74 71 64 68 72 69 63 62 60 58 51 49 48 46 48 59 69 80 89 98 108 116 115 115 114 114 113 113 114 114 121 129 136 144 152 160 169 177 184 190 197 203 211 221 230 240 249 259 261 262 263 264 265 265 266 264 254 244 233 223 213 202 205 213 221 229 237 245 254
115 113 112 111 107 106 110 114 118 117 119 127 134 140 142 145 144 143 146 143 127 112 94 85 82 78 80 85 89 88 88 85 84 83 82 79 69 58 47 46 44 51 61 71 82 92 101 111 113 113 112 111 111 110 110 110 115 122 130 137 145 152 161 169 175 182 188 195 202 208 218 227 237 247 252 253 254 255 256 256 257 258 259 252 241 231 221 210 207 215 223 232 240 248 256 264
128 127 125 125 126 125 123 127 131 135 137 135 142 145 147 148 148 148 149 139 123 111 101 75 69 64 92 98 106 113 109 101 101 109 107 87 77 65 53 44 43 53 63 74 84 95 104 111 110 110 109 109 108 107 107 108 116 123 131 138 146 153 160 167 174 180 187 193 200 207 215 225 234 243 244 245 246 247 247 248 249 250 251 249 239 229 218 210 218 226 234 242 250 258 266 275
133 135 135 137 142 139 133 135 139 143 145 146 148 149 151 152 152 152 152 141 131 121 111 85 55 61 89 112 122 133 125 108 118 133 124 104 85 73 60 48 45 55 66 76 86 97 107 108 107 107 107 107 106 106 106 108 115 122 129 136 143 150 157 165 172 179 185 192 198 205 212 222 232 235 236 237 238 238 239 240 241 242 242 243 237 226 216 220 228 236 244 253 261 269 277 285
138 139 141 144 148 147 142 142 146 149 150 150 155 157 159 161 161 162 167 153 141 131 121 95 74 76 105 116 122 130 124 111 114 122 119 98 88 76 64 55 57 67 78 88 98 109 113 115 114 114 114 114 114 114 113 109 112 119 126 133 141 148 155 162 169 176 183 190 197 203 210 219 226 227 228 229 229 230 231 232 233 233 234 235 234 224 222 231 239 247 255 263 271 279 287 296
143 143 142 142 145 146 142 143 148 151 153 156 161 165 168 170 171 176 181 168 155 142 130 114 111 108 118 120 122 121 115 111 106 102 102 101 91 80 72 70 71 81 91 101 112 118 120 122 122 122 122 122 122 122 118 115 111 117 124 131 138 145 152 159 166 173 180 187 194 201 208 216 218 219 220 220 221 222 223 224 224 225 226 227 227 225 233 241 249 257 265 274 282 290 298 306
145 144 143 143 143 143 144 145 148 151 154 165 171 178 184 186 185 190 195 184 170 157 147 150 147 144 127 128 129 123 118 107 94 79 80 84 87 88 87 85 84 94 104 115 122 124 126 129 130 130 130 130 130 128 124 120 116 114 121 128 135 142 149 156 163 170 177 185 192 199 207 214 215 216 217 218 219 221 222 223 224 225 226 228 229 242 250 258 266 274 282 290 297 305 313 321
145 146 145 144 143 144 147 148 146 148 158 175 185 195 205 208 205 204 209 199 185 176 169 171 181 178 154 137 133 127 118 103 86 68 65 74 83 95 101 100 98 108 118 126 128 131 133 135 137 137 137 137 137 133 129 126 122 118 118 125 132 139 146 153 160 168 175 183 196 208 221 221 221 222 223 225 226 227 228 229 230 232 233 234 242 259 272 279 287 295 303 311 319 327 335 342
147 147 146 146 145 145 148 149 147 147 161 178 195 205 214 220 224 223 223 214 206 199 192 191 201 190 165 144 135 128 119 102 79 57 63 72 82 95 108 114 113 121 130 132 135 137 139 142 144 145 145 145 142 139 135 131 128 124 120 122 129 136 143 151 159 172 184 197 209 222 229 229 228 229 230 231 232 233 234 236 237 238 239 241 258 276 293 301 309 317 324 332 340 348 356 364
150 150 147 145 145 146 148 149 148 153 161 177 192 206 217 221 225 229 232 228 224 220 215 211 198 185 165 148 134 127 120 98 71 54 64 76 87 95 107 120 127 134 137 139 141 143 146 148 150 152 153 152 148 144 141 137 133 130 126 122 127 135 148 160 173 185 198 210 223 235 237 236 235 235 236 237 238 240 241 242 243 244 245 257 275 292 310 322 330 338 346 354 361 369 377 385
154 152 149 145 146 148 149 149 150 158 165 177 191 206 217 220 224 227 229 226 216 212 208 207 196 181 166 151 136 129 124 110 82 79 85 98 107 115 124 132 140 144 145 146 148 150 152 154 157 159 160 157 154 150 147 145 143 142 140 138 136 149 161 174 186 199 211 224 236 246 245 244 243 242 243 244 245 246 247 248 249 251 256 274 291 309 326 343 351 359 367 375 383 391 398 406
153 153 150 145 146 148 151 152 153 155 162 180 196 210 215 219 223 225 225 224 215 205 200 201 199 184 166 151 140 134 129 123 115 113 112 119 128 135 143 151 159 166 167 169 170 171 172 173 175 176 177 176 175 173 171 169 168 166 164 162 161 162 175 187 200 212 225 237 250 253 252 251 251 250 249 250 251 252 254 255 256 257 272 290 308 325 343 360 373 380 388 396 404 412 420 426
152 153 151 144 144 146 150 153 154 155 164 182 200 207 213 218 221 222 221 220 215 205 202 201 200 185 167 151 139 136 130 125 125 126 127 139 147 154 162 170 178 186 189 191 192 193 194 195 197 198 199 201 199 197 195 194 192 190 189 187 185 183 188 201 213 226 238 251 262 261 260 259 258 257 256 256 258 259 260 261 262 271 289 306 324 342 359 377 394 402 410 417 425 433 440 445
154 154 148 142 143 144 146 144 143 145 165 184 201 206 211 216 218 218 217 216 215 211 210 209 204 188 169 148 139 135 130 128 126 126 137 155 165 173 181 189 197 205 212 213 214 215 216 218 219 220 222 223 223 222 220 218 216 215 213 211 209 207 205 214 227 240 252 265 270 269 268 267 266 265 264 263 264 265 266 267 270 288 305 323 340 358 376 393 411 423 431 439 447 455 460 465
153 154 146 142 143 143 143 139 135 146 166 185 199 210 224 237 223 216 215 214 212 206 209 212 204 187 167 144 139 135 133 133 131 134 152 171 184 192 200 208 216 225 233 235 236 237 239 240 241 243 244 246 247 246 244 242 241 239 237 235 233 232 230 228 241 253 266 278 277 276 275 274 273 272 272 271 270 271 273 274 287 304 322 339 357 374 392 410 427 444 452 460 468 474 479 485
165 159 151 146 144 145 147 144 143 151 170 191 230 244 258 266 243 220 214 213 208 197 194 193 189 175 159 145 143 139 143 150 148 157 170 186 203 210 219 227 235 244 252 257 258 259 261 262 263 265 267 268 270 270 269 267 265 263 262 260 258 256 254 252 254 267 279 286 285 284 283 282 281 280 279 278 277 278 279 285 303 321 338 356 373 391 408 426 444 461 474 481 489 494 499 504
178 167 156 151 146 147 148 150 156 163 174 211 251 279 292 287 263 240 217 212 204 193 178 172 167 161 156 148 146 144 153 162 167 180 193 206 220 229 238 246 254 263 271 279 280 282 283 284 286 287 289 290 292 293 293 291 290 288 286 284 282 280 278 277 275 280 293 293 292 291 291 290 289 288 287 286 285 284 285 302 319 337 355 372 390 407 425 442 460 478 495 503 508 514 519 524
186 170 152 142 140 145 147 145 142 150 174 225 271 311 327 307 284 261 237 211 193 177 161 150 146 146 143 142 139 141 151 161 183 195 208 220 239 251 258 265 274 282 290 299 303 304 305 307 308 310 311 313 314 316 317 316 314 312 310 308 306 305 303 301 299 297 302 301 300 299 298 297 296 295 294 293 293 292 300 317 335 353 370 388 406 423 441 459 476 494 512 522 527 531 535 540
192 174 150 131 136 142 146 138 131 131 171 222 273 324 351 321 291 261 232 208 195 173 152 135 136 137 133 132 131 136 143 165 192 206 219 237 261 274 281 288 295 302 309 318 325 326 327 329 331 332 334 335 337 338 340 340 338 336 334 332 330 328 326 323 321 319 309 308 307 306 305 304 303 302 301 300 299 298 298 315 333 351 368 386 404 421 439 456 474 492 507 510 514 519 523 527
193 173 148 135 137 142 148 141 132 127 172 224 276 327 336 312 282 252 222 205 194 178 156 143 138 142 143 136 139 144 152 172 200 217 235 259 282 297 304 311 318 325 332 339 346 348 350 352 354 355 357 359 361 362 364 362 359 357 355 353 350 348 346 344 341 334 321 315 314 313 312 311 310 309 308 307 306 305 303 313 331 348 366 384 401 419 437 454 472 490 496 499 502 507 511 515
182 168 151 144 138 144 150 153 147 150 176 228 280 300 309 302 273 243 213 202 191 180 166 154 141 147 154 152 158 163 175 194 213 233 257 280 304 319 326 334 341 348 355 362 369 374 376 378 380 381 383 385 387 388 389 384 379 377 375 373 370 368 366 364 361 347 334 322 321 320 319 318 317 316 315 314 313 311 310 311 329 346 364 382 399 417 435 452 470 482 485 488 490 495 499 503
166 156 149 144 138 146 153 159 170 173 181 233 263 272 281 290 263 233 214 202 191 178 161 150 138 142 153 168 176 181 198 213 228 251 278 302 325 342 349 356 363 370 378 385 391 397 402 404 405 407 409 411 412 414 411 406 401 397 395 393 390 388 386 384 374 361 347 334 328 327 326 325 324 323 322 321 319 318 316 315 327 344 362 380 397 415 432 450 468 471 474 476 479 482 487 491
152 143 136 130 133 145 154 163 176 189 200 226 235 244 253 262 254 230 217 203 191 174 156 144 135 134 155 175 184 191 211 227 242 267 294 321 346 365 372 379 386 393 401 408 414 420 426 430 431 433 435 437 438 438 433 428 423 417 415 413 411 408 406 401 387 374 361 348 335 334 333 332 331 330 329 328 326 324 323 321 324 342 360 377 395 413 430 448 457 460 462 465 468 471 475 479
137 131 123 117 130 142 155 167 178 188 199 218 224 229 235 240 245 231 216 202 187 170 152 139 131 132 158 180 186 198 222 240 255 282 310 337 364 388 395 402 409 416 423 431 437 443 449 455 457 459 461 462 464 460 455 450 444 439 435 433 431 428 426 414 401 388 374 361 348 341 340 339 338 337 336 334 332 331 329 328 326 340 358 375 393 411 428 443 446 448 451 454 457 459 463 467
139 136 128 123 128 141 149 157 168 179 196 219 233 238 244 249 239 226 212 198 183 165 148 135 131 139 161 177 189 204 228 252 271 298 323 344 365 393 418 425 432 439 446 453 459 465 472 478 483 485 487 488 488 482 477 472 466 461 456 453 451 449 441 428 414 401 388 375 361 348 347 346 345 344 342 341 339 337 336 334 332 338 355 373 391 408 426 432 434 437 440 443 445 448 451 455
141 139 134 130 127 137 142 148 158 170 193 216 240 247 253 246 233 220 206 193 181 164 147 137 133 145 163 176 188 204 229 254 279 301 322 343 364 395 427 448 455 462 469 476 482 488 494 500 507 511 512 514 509 504 499 494 488 483 478 473 471 467 454 441 428 415 401 388 375 362 354 353 352 350 349 347 345 344 342 341 339 337 353 371 389 406 418 420 423 426 429 431 434 437 440 443
137 135 131 129 125 129 135 140 148 167 191 214 237 256 253 240 227 214 200 190 180 166 153 142 138 143 160 176 187 197 221 247 274 299 321 342 366 398 430 462 478 485 492 499 505 511 517 523 529 535 538 537 531 526 521 515 510 505 500 494 491 481 468 454 441 428 415 401 388 375 362 360 358 357 355 354 352 350 349 347 345 344 351 369 387 404 406 409 412 415 417 420 423 426 428 431
133 130 126 120 113 117 124 130 142 163 186 209 232 252 248 235 222 209 198 188 178 166 145 125 124 140 157 174 185 194 215 241 268 296 319 341 368 400 432 464 496 508 515 521 527 534 540 546 552 558 563 557 551 544 538 532 525 519 512 506 501 489 476 464 451 438 426 413 401 388 375 366 365 363 362 360 358 357 355 354 352 350 349 367 384 392 395 398 401 403 406 409 412 414 417 420
130 128 125 113 102 106 119 132 143 154 177 200 223 234 241 233 220 207 197 187 176 161 142 120 107 129 153 168 180 192 212 235 262 290 317 339 371 403 435 467 499 531 538 544 548 544 541 537 533 529 529 526 520 513 507 501 494 488 481 475 477 470 458 445 433 420 408 395 383 370 359 357 359 360 362 363 365 363 362 360 358 357 355 365 378 381 384 387 389 392 395 398 400 403 406 409
127 127 122 113 105 108 121 134 145 155 168 191 209 216 223 230 217 205 195 185 172 157 140 116 93 121 150 162 174 188 205 225 252 281 309 335 365 396 426 456 486 514 518 514 511 507 503 499 496 493 495 495 489 482 476 469 463 457 450 450 452 452 440 427 415 402 389 377 364 352 349 347 348 349 351 352 354 355 357 358 360 361 362 363 367 370 373 375 378 381 383 386 389 392 394 397
135 137 130 121 119 121 123 136 146 156 167 183 190 197 204 212 214 204 194 184 172 159 152 132 122 134 148 155 165 170 187 210 236 264 282 306 338 369 399 429 458 473 477 477 473 469 466 462 458 459 460 462 457 451 445 438 432 426 422 424 426 428 421 409 396 384 371 359 346 341 339 337 337 338 340 341 343 344 346 347 349 350 352 353 355 358 361 363 366 369 371 374 377 379 382 385
151 147 138 128 125 125 125 126 135 145 154 173 183 191 198 205 208 202 192 183 173 167 160 154 150 146 147 149 154 159 172 196 220 234 247 276 311 342 372 402 418 433 435 437 436 432 428 424 423 424 426 427 426 420 414 407 401 395 397 399 401 403 403 391 378 366 353 340 333 331 329 328 326 327 329 330 332 333 335 336 338 339 341 342 343 346 348 351 354 357 359 362 365 367 370 373
163 153 142 126 113 113 112 110 115 124 139 162 182 189 196 201 200 199 189 180 174 170 163 163 160 157 152 135 118 121 154 178 192 199 212 247 282 315 345 362 378 392 394 395 396 394 391 387 389 390 391 393 394 389 383 376 370 370 372 374 375 377 379 373 360 347 335 325 323 321 319 318 316 316 318 319 321 322 324 325 327 329 330 332 333 334 336 339 342 345 347 350 353 355 358 360
170 159 144 126 109 100 98 96 94 105 128 152 175 188 195 194 192 191 186 177 174 171 169 169 169 158 146 119 86 96 131 159 164 168 183 217 252 288 306 322 337 350 352 353 354 356 353 353 354 356 357 358 360 358 352 345 343 344 346 348 350 352 354 354 342 329 317 315 313 311 310 308 306 306 307 309 310 312 313 315 316 318 319 321 322 323 324 327 330 332 335 338 341 343 346 346
