testcase/grote_nete/input/msw.asc
ncols        1067
nrows        416
xllcorner    172414.999999993393
yllcorner    194088.000000073574
cellsize     20.000000000000
NODATA_value -32768
[rows 220 to 263 of 416, columns 288 to 383 of 1067]
252 251 251 251 252 253 254 256 257 259 262 265 268 267 265 264 263 262 270 278 285 284 284 283 282 281 281 284 286 289 288 287 286 286 285 285 286 288 289 274 260 245 231 223 217 212 206 195 183 172 162 152 143 142 141 138 136 132 123 114 110 103 95 77 67 73 81 87 104 115 120 118 113 107 103 100 96 92 87 88 85 79 78 78 79 79 78 84 85 85 86 85 84 83 82 81
271 268 268 269 270 271 273 274 275 277 279 283 282 281 280 279 278 277 280 287 291 290 289 288 287 286 286 287 290 290 289 288 288 287 286 285 287 288 278 264 249 235 220 209 203 197 188 176 164 153 143 133 128 128 128 126 123 120 116 111 110 105 99 88 86 87 90 90 104 108 113 116 118 116 112 108 98 90 84 74 72 73 73 72 67 63 70 80 86 87 87 85 84 83 82 83
291 286 286 287 288 289 291 292 293 295 297 298 297 296 295 294 293 291 290 297 296 295 294 293 293 292 291 290 292 291 290 290 289 288 287 287 287 282 268 253 239 224 210 195 189 182 170 158 146 134 123 114 114 114 114 113 110 108 110 109 108 107 102 99 98 97 97 97 98 102 106 107 109 114 120 114 102 89 72 56 57 66 67 60 51 50 62 72 81 89 88 86 84 83 84 85
306 302 301 302 304 306 307 309 310 312 314 313 311 310 308 307 305 304 302 301 300 299 298 297 296 295 295 294 291 291 290 290 289 289 288 288 286 272 257 243 228 214 199 185 174 164 152 140 128 116 104 100 100 100 101 102 103 105 106 106 107 109 106 104 103 103 103 98 96 100 102 102 101 107 113 115 118 103 74 48 48 56 58 49 43 45 57 68 80 89 89 87 85 84 86 87
308 304 302 303 305 307 308 310 311 313 313 312 310 309 308 306 305 303 302 301 300 299 298 297 296 295 294 292 287 286 286 285 285 284 283 283 277 264 249 235 220 205 191 176 164 153 141 130 118 107 95 96 98 99 101 102 102 103 104 104 106 107 108 106 104 103 102 99 94 97 99 100 99 101 105 106 107 95 85 63 64 69 67 60 55 52 61 72 83 88 89 88 85 82 85 85
309 307 305 304 306 308 309 311 312 314 312 311 310 308 307 305 304 302 301 300 300 299 298 297 296 295 294 289 284 281 281 280 280 279 279 276 266 257 242 227 213 198 183 168 159 150 139 128 116 105 95 96 98 99 101 101 101 102 102 102 103 105 107 105 102 100 97 95 92 88 89 89 90 94 99 101 100 94 82 78 79 87 82 73 68 66 66 77 88 89 90 87 84 80 76 73
312 310 308 306 307 309 310 312 313 313 312 310 309 308 306 305 303 302 301 300 299 298 297 296 296 295 292 287 282 277 276 275 275 274 274 266 256 246 234 220 205 190 176 164 155 146 137 125 114 103 96 97 98 99 100 100 100 100 101 100 101 103 105 104 101 97 95 93 87 78 75 75 76 85 94 96 94 92 91 89 90 97 103 100 90 86 83 88 93 94 95 87 81 74 65 63
315 313 311 309 308 310 311 313 314 312 311 310 308 307 306 304 303 302 301 300 299 298 297 296 295 294 289 284 279 274 271 270 270 269 266 256 246 236 226 212 198 183 168 159 151 142 133 123 112 100 96 97 98 100 100 99 99 99 100 100 101 103 105 107 103 98 93 90 82 73 65 61 68 79 91 99 98 97 96 95 94 98 105 112 107 109 105 98 98 99 96 87 80 67 58 54
318 316 314 312 310 311 312 314 313 312 310 309 308 306 305 303 302 301 300 299 299 298 297 296 295 291 287 282 277 272 267 266 265 265 255 246 236 226 216 205 190 176 164 155 147 138 129 120 110 98 96 98 98 98 98 98 98 98 100 100 101 102 106 109 104 98 92 85 76 68 60 56 67 79 91 103 102 102 101 101 100 100 105 107 108 122 128 116 112 111 102 93 80 59 50 51
320 318 316 314 312 311 313 313 312 311 310 308 307 306 304 303 302 301 300 299 298 297 297 296 294 289 284 279 274 269 265 261 260 255 245 235 226 216 206 196 183 168 160 151 142 134 125 116 107 96 97 97 97 97 97 96 96 97 99 99 99 99 99 102 100 94 87 79 71 63 58 59 67 79 91 103 104 103 101 100 100 99 100 103 105 112 116 116 123 121 111 99 82 61 49 51
323 321 319 317 315 313 314 313 311 310 309 307 306 305 304 302 302 301 300 299 298 297 296 295 291 287 282 277 272 267 262 257 255 245 235 225 215 206 196 186 175 164 155 147 138 129 121 112 103 96 96 96 95 95 95 95 95 96 96 96 96 94 90 94 97 89 81 74 65 60 61 62 68 80 92 97 100 101 100 99 99 98 97 99 101 103 104 105 109 114 119 111 99 79 69 66
326 324 322 320 318 316 313 312 311 309 308 307 305 304 303 304 303 302 301 300 300 299 298 297 293 288 283 278 273 268 264 259 254 244 234 224 214 204 194 185 174 159 150 141 132 124 115 106 97 95 95 95 94 94 94 94 93 93 93 93 93 89 86 78 82 78 73 68 62 63 64 65 69 80 88 91 94 97 99 98 97 97 97 98 101 102 101 101 101 108 113 112 111 100 92 82
329 327 325 323 321 318 313 311 310 308 307 306 304 303 304 308 307 306 306 305 304 303 302 301 299 294 289 284 279 275 270 265 261 254 244 234 224 214 204 194 176 153 143 135 126 117 108 100 92 93 94 94 94 93 93 93 93 93 92 92 92 85 81 71 59 58 53 58 54 59 65 68 70 78 81 84 87 91 96 97 97 97 98 98 100 100 100 100 100 105 106 106 105 106 117 106
332 330 328 326 324 319 314 310 308 307 306 305 303 303 306 310 311 311 310 309 308 307 306 305 304 300 295 290 286 281 276 271 267 263 254 244 234 224 214 202 179 156 137 128 119 111 102 93 91 92 93 93 93 93 93 92 92 92 92 92 90 84 77 66 54 47 52 57 49 47 53 61 72 76 81 85 90 94 97 97 97 97 98 98 98 99 99 99 100 100 100 101 101 102 105 109
335 333 331 329 326 320 315 310 307 306 305 304 302 304 308 312 315 315 314 313 312 312 310 309 308 306 301 296 292 287 282 278 274 270 263 254 244 234 224 205 181 158 135 122 113 104 95 89 90 91 91 92 92 92 92 92 91 91 91 91 89 83 74 65 53 53 56 59 51 47 56 66 77 79 84 88 92 97 97 97 97 97 97 97 97 98 98 98 98 98 99 99 99 100 100 102
338 336 334 332 327 322 316 311 306 305 304 303 303 306 310 313 317 319 318 318 317 316 314 313 312 311 307 303 298 293 289 284 280 276 272 263 254 244 230 207 184 161 138 115 107 98 89 87 88 89 90 91 92 91 91 91 91 91 90 90 88 79 71 63 59 63 66 62 60 58 60 72 81 84 86 91 95 97 97 97 96 97 97 97 97 97 97 97 97 97 97 97 96 96 97 97
341 339 337 333 328 323 317 312 307 304 303 302 304 308 312 315 319 322 323 322 321 320 318 317 316 315 313 309 304 299 295 291 287 283 279 273 263 254 233 210 187 163 140 117 100 91 85 86 87 88 89 89 90 91 90 90 90 90 89 88 85 77 68 60 53 58 70 68 75 73 73 78 85 88 90 94 97 97 97 97 96 96 96 96 96 96 96 96 96 96 96 95 95 95 95 96
344 342 339 334 329 324 319 313 308 303 302 303 306 310 313 317 321 324 327 326 325 324 322 321 320 319 317 315 310 306 302 297 293 289 285 281 273 259 236 212 189 166 143 120 96 85 84 85 85 86 87 88 89 90 90 90 89 88 87 86 82 74 66 58 52 49 65 72 83 90 90 88 89 91 94 97 97 97 96 96 96 96 96 96 96 96 95 95 95 95 95 95 94 94 94 95
346 345 340 335 330 325 320 315 309 304 301 304 308 312 315 319 322 326 329 330 329 328 326 325 324 323 321 320 316 312 308 304 300 296 292 287 283 261 238 215 192 169 145 122 99 82 83 83 84 85 86 87 88 89 88 87 86 85 84 83 80 72 63 56 51 46 60 77 88 96 96 93 91 94 96 97 96 96 96 96 96 96 96 95 95 95 95 94 94 94 94 94 94 94 94 94
345 345 341 336 331 326 321 315 310 305 307 311 314 318 322 325 329 333 336 336 334 333 332 331 330 328 327 325 317 313 309 305 300 296 292 288 280 264 241 218 195 171 148 125 102 88 83 84 85 86 87 88 89 89 87 85 83 82 81 80 77 69 62 56 50 46 57 77 90 97 101 98 95 95 96 96 96 96 95 95 95 95 95 95 95 94 94 94 93 93 92 92 93 93 93 93
341 343 342 337 332 327 322 316 311 308 314 320 324 327 331 335 338 342 344 342 341 339 338 337 336 334 333 327 318 313 308 304 300 296 291 287 276 264 244 220 197 174 151 128 109 97 85 85 86 87 88 89 90 88 85 83 82 80 78 77 74 68 62 56 50 48 57 76 91 98 100 97 94 95 96 96 95 95 95 95 95 95 95 94 94 94 93 93 93 92 91 91 92 92 92 92
339 340 341 338 333 328 322 317 312 316 322 329 333 337 340 344 348 351 350 348 347 346 344 343 342 341 338 329 320 312 308 304 299 295 291 283 271 260 246 223 200 177 154 130 118 106 94 86 87 88 89 89 89 87 84 82 80 78 77 75 72 67 61 56 51 54 57 75 92 100 97 94 94 95 96 95 95 95 94 94 94 94 94 93 93 93 93 92 92 91 91 91 91 91 91 91
336 337 338 339 334 328 323 318 317 323 330 336 342 346 350 353 357 358 356 355 353 352 351 349 348 347 340 331 323 314 307 303 299 295 290 278 267 255 244 226 203 180 156 138 126 114 102 90 88 88 89 90 88 86 83 80 78 77 75 73 68 64 59 53 48 51 56 73 90 98 100 95 95 95 98 99 99 97 93 94 94 93 93 92 92 91 91 91 91 91 90 90 90 90 90 90
333 334 336 337 334 329 324 319 324 331 338 344 351 355 359 363 366 364 363 361 360 358 357 356 354 350 342 333 325 316 307 303 298 294 285 274 262 251 240 228 206 182 159 147 135 123 111 99 88 89 90 90 87 84 82 79 77 75 73 69 65 61 56 50 45 41 53 72 89 112 106 98 95 98 100 103 100 95 93 93 93 93 93 92 91 90 90 90 90 89 89 89 89 89 89 89
330 332 333 334 335 330 325 326 332 339 345 352 358 365 368 372 372 370 369 367 366 364 363 362 360 352 344 335 327 318 309 302 298 292 281 269 258 246 235 224 208 185 168 156 144 132 120 108 96 90 91 88 86 83 80 78 75 73 70 66 62 57 53 48 43 42 53 71 87 104 104 98 96 98 100 100 98 94 92 92 92 92 92 91 90 90 89 89 89 88 88 88 88 88 88 87
327 329 330 331 333 331 327 333 340 346 353 359 366 373 378 380 378 377 375 374 372 371 369 368 363 354 346 337 329 320 312 303 297 288 276 265 253 242 231 219 208 189 177 165 153 141 129 117 105 93 90 87 85 82 79 77 74 71 66 62 58 54 50 50 51 51 54 71 82 92 99 96 95 95 97 96 94 93 92 92 92 92 92 91 90 90 89 88 88 87 86 86 86 87 86 86
325 326 327 329 330 331 334 341 348 354 361 367 374 380 387 386 385 383 382 380 379 377 375 373 365 356 347 339 330 321 312 304 297 285 274 263 252 241 230 219 207 194 182 169 157 145 132 120 108 96 86 83 80 78 75 72 69 66 63 58 54 50 47 48 51 54 57 69 80 88 96 95 95 94 94 94 94 93 93 93 92 92 91 90 90 89 89 88 87 86 85 85 85 85 85 85
322 324 325 327 328 330 334 340 347 353 360 366 372 379 382 381 379 377 376 374 372 370 369 366 360 352 343 334 326 317 308 299 297 291 279 268 257 246 235 224 212 196 182 170 158 145 133 121 108 97 87 79 76 73 70 67 65 61 58 54 50 46 46 46 48 51 57 72 85 92 96 95 94 93 95 97 97 95 94 93 93 92 91 90 89 89 88 87 86 85 84 84 84 84 83 83
320 322 323 325 326 329 332 337 344 350 357 363 369 376 375 374 372 371 369 367 365 364 362 358 355 347 339 330 321 313 304 298 296 294 285 273 262 251 240 229 215 199 183 170 158 146 134 121 109 99 88 78 71 68 66 63 60 57 53 50 46 44 44 45 45 48 58 73 85 93 96 98 94 93 96 98 99 97 96 94 94 93 91 90 89 88 87 86 85 84 83 83 83 83 82 82
318 320 321 323 325 328 331 335 341 347 354 360 366 369 368 367 366 364 362 361 359 357 354 351 348 343 334 326 317 308 299 298 296 294 290 279 267 256 245 233 217 202 186 171 159 146 134 122 111 100 90 79 68 64 61 58 55 52 49 45 42 42 43 44 44 45 56 67 78 87 92 95 90 91 93 95 94 94 93 93 92 90 88 86 83 83 86 85 84 83 82 82 82 82 82 81
316 318 319 321 324 327 330 333 338 344 351 357 362 361 361 360 359 357 356 354 352 350 347 343 340 337 330 321 313 304 299 297 295 293 291 284 273 262 250 236 220 204 189 173 159 147 135 123 112 102 91 80 70 59 56 54 50 47 44 43 43 43 44 44 45 45 51 61 71 81 82 83 85 87 90 88 86 86 84 81 85 83 81 79 76 79 83 84 83 82 82 81 81 81 81 81
315 316 317 320 323 326 329 332 335 341 348 354 355 354 353 353 352 351 349 347 345 342 339 336 333 329 326 317 308 300 298 297 295 293 291 289 278 267 254 238 223 207 192 176 160 148 135 124 114 103 92 82 71 61 52 49 46 43 43 44 44 44 45 45 46 46 46 56 67 67 66 67 78 83 90 88 86 74 71 71 75 77 75 72 73 76 79 83 82 81 81 80 80 80 80 80
313 314 316 319 322 325 328 331 334 339 345 349 348 347 346 345 344 344 342 341 338 335 332 328 325 322 318 313 304 300 298 296 294 292 290 289 283 272 257 241 226 210 194 179 163 148 136 126 115 104 94 83 73 62 52 44 44 44 44 45 45 45 45 46 46 47 47 52 57 54 51 56 73 83 90 95 87 69 58 61 65 68 68 66 69 72 75 79 81 80 80 80 80 79 79 79
311 312 315 318 321 324 327 330 333 336 342 342 341 340 339 338 337 336 336 334 331 327 324 321 317 314 311 308 301 299 297 296 294 292 290 288 286 275 259 244 228 213 197 181 166 150 137 127 116 105 95 84 73 63 52 45 44 44 45 45 46 46 46 47 47 47 48 48 47 46 45 51 68 82 91 99 85 66 51 52 55 58 61 63 66 69 72 75 79 79 79 79 79 79 78 78
305 311 314 317 320 323 326 329 332 335 336 335 334 333 332 331 330 330 329 328 325 322 319 316 313 310 307 303 303 301 299 298 296 294 292 291 289 280 264 249 233 218 202 187 171 155 138 126 115 105 94 83 73 62 52 48 44 44 45 45 46 46 47 47 47 47 47 47 47 45 46 49 64 76 84 85 78 62 51 48 51 54 58 65 68 71 74 77 78 79 78 78 78 78 78 78
309 308 310 313 316 319 322 325 328 331 330 329 328 327 326 326 325 324 324 327 325 322 319 316 313 310 307 305 306 305 304 302 300 298 297 295 290 282 270 254 239 223 208 192 177 159 142 126 115 104 94 83 72 62 55 51 46 44 45 45 46 46 46 46 46 47 47 47 46 45 48 50 57 67 74 71 68 60 50 44 47 50 58 69 72 74 77 80 78 78 78 77 77 77 77 77
308 307 307 310 313 316 319 322 324 325 324 323 322 322 321 320 319 318 320 323 326 322 319 316 313 310 307 308 309 310 308 306 304 303 301 298 290 282 274 260 244 229 213 198 181 164 146 128 114 104 93 82 72 63 58 54 49 45 44 45 45 46 46 46 46 46 46 46 45 44 45 48 51 60 59 57 57 55 47 45 44 49 58 67 75 78 81 79 78 77 77 77 76 76 76 76
307 305 304 306 309 312 315 318 320 319 318 318 317 316 315 314 313 314 317 320 323 323 319 316 313 310 309 310 311 312 312 310 309 307 305 299 291 283 275 265 249 234 218 203 186 168 150 132 114 103 93 82 71 66 61 56 52 47 44 45 45 46 46 46 46 46 46 45 44 44 43 45 48 49 48 47 47 47 47 45 43 48 58 67 77 81 80 79 78 76 76 76 76 75 75 75
305 304 303 302 305 308 311 314 314 313 313 312 311 310 309 308 307 310 313 316 319 323 320 317 313 311 312 313 314 315 316 315 313 311 308 300 292 284 276 268 255 239 224 207 190 172 154 136 118 103 92 81 73 68 64 59 55 50 46 45 45 45 45 45 45 46 46 45 45 44 43 44 47 43 40 37 38 43 46 43 44 47 56 66 76 81 80 78 77 76 75 75 75 74 74 74
304 303 302 301 302 305 308 309 308 308 307 306 305 304 303 303 304 307 310 313 316 319 320 317 314 313 314 315 316 317 319 319 317 315 309 301 293 285 277 269 260 245 229 212 194 176 158 140 123 105 91 81 76 71 67 62 58 53 49 44 45 45 45 45 45 45 46 45 45 44 44 45 48 45 42 35 36 38 44 44 45 45 54 66 77 78 77 76 75 74 74 74 74 73 73 75
303 302 301 300 299 301 304 304 303 302 301 300 299 298 298 297 300 303 306 309 313 316 319 317 315 316 317 318 319 320 321 322 321 317 309 301 293 285 277 269 261 250 233 216 198 180 162 144 127 109 91 83 79 74 70 65 61 56 52 47 45 45 45 45 45 45 46 45 45 44 47 48 51 52 50 49 49 50 51 52 52 53 55 66 74 74 75 73 72 72 72 73 73 72 72 75
302 301 300 299 297 298 299 298 297 296 295 294 294 293 292 294 297 300 303 306 309 312 315 317 317 318 319 320 321 323 324 325 326 318 310 302 294 287 279 271 264 256 240 223 205 188 171 153 136 119 101 85 80 76 71 67 62 57 53 48 46 45 45 45 45 45 45 45 45 51 58 60 61 62 62 62 62 59 60 61 62 63 64 68 70 71 72 71 70 71 71 71 72 72 73 75
302 301 299 298 297 294 290 289 288 287 286 285 284 283 286 292 295 298 301 305 308 311 314 318 320 321 322 324 325 326 327 328 330 328 321 313 306 298 290 283 275 266 255 237 220 203 185 168 150 133 113 90 81 76 72 67 63 58 53 50 48 46 46 46 46 45 45 46 53 61 69 73 73 74 75 75 70 68 69 69 69 68 69 69 69 68 68 69 69 69 69 70 70 71 73 75
304 303 302 301 300 289 277 276 275 274 273 272 271 270 280 292 295 298 302 305 308 311 314 319 324 325 326 327 328 329 330 331 335 338 332 324 317 309 302 294 286 276 266 252 234 217 200 182 165 147 124 102 82 77 73 68 63 59 54 52 50 48 47 47 47 47 46 51 60 69 78 85 86 86 87 83 78 74 76 77 74 71 71 71 71 70 69 67 68 68 68 69 69 69 70 72
