testcase/grote_nete/input/msw.asc
ncols        1067
nrows        416
xllcorner    172414.999999993393
yllcorner    194088.000000073574
cellsize     20.000000000000
NODATA_value -32768
[rows 308 to 351 of 416, columns 96 to 191 of 1067]
1059 1077 1095 1113 1131 1149 1167 1185 1202 1220 1237 1254 1265 1266 1267 1268 1269 1270 1271 1272 1273 1278 1284 1290 1295 1303 1311 1319 1327 1334 1342 1350 1358 1366 1400 1434 1467 1501 1566 1641 1716 1792 1867 1942 2017 2093 2157 2167 2177 2187 2198 2227 2262 2296 2330 2365 2399 2434 2468 2488 2474 2459 2445 2431 2388 2338 2287 2236 2186 2135 2085 2034 1989 1955 1921 1887 1853 1789 1714 1639 1564 1489 1414 1339 1264 1194 1161 1129 1097 1064 1034 1004 974 944 914 885
1039 1057 1075 1093 1111 1129 1147 1165 1182 1199 1217 1234 1251 1254 1255 1256 1258 1259 1260 1261 1264 1269 1275 1281 1287 1293 1301 1309 1317 1325 1333 1341 1349 1372 1406 1439 1473 1507 1548 1624 1699 1774 1849 1925 2000 2075 2101 2111 2121 2131 2141 2158 2192 2226 2261 2295 2330 2364 2398 2389 2375 2361 2347 2332 2310 2259 2209 2158 2107 2057 2006 1956 1921 1887 1853 1819 1785 1743 1668 1593 1518 1443 1368 1293 1218 1176 1143 1111 1079 1046 1014 985 955 925 895 866
1019 1037 1055 1073 1091 1109 1127 1144 1162 1179 1196 1214 1231 1243 1244 1245 1246 1247 1248 1249 1255 1261 1267 1273 1278 1284 1291 1299 1307 1315 1323 1331 1344 1377 1411 1445 1478 1512 1546 1606 1681 1757 1832 1907 1982 2034 2044 2055 2065 2075 2085 2096 2122 2157 2191 2226 2260 2294 2305 2291 2276 2262 2248 2234 2220 2181 2130 2079 2029 1978 1928 1887 1853 1819 1785 1751 1717 1683 1621 1546 1471 1396 1321 1246 1190 1157 1125 1093 1061 1028 996 965 936 906 876 846
999 1017 1035 1053 1071 1089 1107 1124 1141 1159 1176 1193 1210 1228 1233 1234 1235 1236 1237 1241 1247 1252 1258 1264 1270 1276 1282 1289 1297 1305 1313 1321 1349 1383 1417 1450 1484 1518 1551 1589 1664 1739 1814 1889 1965 1978 1988 1999 2009 2019 2029 2039 2053 2087 2122 2156 2191 2220 2206 2192 2178 2164 2149 2135 2121 2102 2052 2001 1950 1900 1852 1818 1784 1750 1716 1682 1648 1614 1575 1500 1425 1350 1275 1204 1172 1139 1107 1075 1042 1010 978 946 916 887 857 827
979 997 1015 1033 1051 1069 1086 1104 1121 1138 1156 1173 1190 1207 1221 1223 1224 1225 1226 1232 1238 1244 1250 1256 1261 1267 1273 1280 1288 1296 1304 1321 1355 1388 1422 1456 1489 1523 1557 1591 1646 1721 1797 1872 1912 1922 1932 1942 1953 1963 1973 1983 1994 2018 2052 2087 2121 2122 2108 2093 2079 2065 2051 2037 2022 2008 1973 1922 1872 1821 1784 1750 1716 1682 1648 1614 1580 1546 1512 1454 1379 1304 1229 1186 1153 1121 1089 1057 1024 992 960 927 897 868 838 808
959 977 995 1013 1031 1049 1066 1083 1101 1118 1135 1153 1170 1187 1204 1211 1212 1213 1218 1224 1230 1235 1241 1247 1253 1259 1265 1270 1278 1286 1294 1326 1360 1394 1428 1461 1495 1529 1562 1596 1630 1704 1779 1845 1856 1866 1876 1886 1897 1907 1917 1927 1937 1948 1983 2017 2037 2023 2009 1995 1981 1966 1952 1938 1924 1910 1894 1844 1793 1749 1715 1681 1647 1613 1579 1545 1511 1477 1443 1408 1333 1258 1200 1168 1135 1103 1071 1038 1006 974 941 909 878 848 819 788
939 957 975 993 1011 1028 1046 1063 1080 1098 1115 1132 1149 1167 1184 1200 1201 1203 1209 1215 1221 1227 1233 1239 1244 1250 1256 1262 1268 1276 1298 1332 1366 1399 1433 1467 1500 1534 1568 1602 1635 1686 1762 1789 1799 1810 1820 1830 1840 1851 1861 1871 1881 1892 1913 1948 1939 1925 1910 1896 1882 1868 1854 1839 1825 1811 1797 1765 1715 1681 1647 1613 1579 1545 1511 1477 1443 1409 1375 1341 1286 1214 1182 1150 1117 1085 1053 1020 988 956 923 891 859 829 799 769
919 937 955 973 991 1008 1025 1043 1060 1077 1095 1112 1129 1146 1164 1181 1190 1195 1201 1207 1213 1218 1224 1230 1236 1242 1248 1253 1259 1270 1304 1337 1371 1405 1439 1472 1506 1540 1573 1607 1641 1674 1723 1733 1743 1754 1764 1774 1784 1795 1805 1815 1825 1835 1846 1855 1840 1826 1812 1798 1784 1769 1755 1741 1727 1713 1698 1684 1646 1612 1578 1544 1510 1476 1442 1408 1374 1340 1306 1272 1238 1196 1164 1131 1099 1067 1034 1002 970 937 905 873 841 810 780 749
907 925 943 959 974 992 1009 1026 1044 1061 1078 1096 1113 1130 1148 1165 1174 1180 1186 1191 1197 1203 1209 1215 1220 1226 1232 1238 1244 1249 1282 1316 1349 1383 1416 1450 1483 1516 1550 1583 1617 1650 1652 1662 1672 1682 1692 1702 1712 1722 1732 1742 1752 1762 1771 1759 1745 1731 1717 1703 1689 1674 1660 1646 1632 1618 1604 1591 1573 1539 1505 1471 1437 1403 1368 1334 1300 1266 1232 1198 1170 1147 1116 1085 1054 1023 992 961 929 898 867 836 805 786 755 725
906 924 942 954 964 981 999 1016 1033 1051 1068 1085 1103 1120 1137 1154 1154 1156 1162 1168 1174 1179 1185 1191 1197 1203 1208 1214 1217 1212 1232 1265 1299 1332 1366 1399 1432 1466 1499 1533 1566 1579 1572 1578 1588 1598 1608 1618 1628 1638 1648 1658 1668 1678 1675 1665 1652 1638 1624 1610 1596 1581 1567 1553 1539 1525 1511 1501 1493 1463 1429 1395 1361 1327 1293 1259 1225 1191 1157 1123 1105 1088 1059 1028 997 966 935 903 872 841 810 779 756 748 725 695
905 923 939 948 957 971 988 1006 1023 1040 1058 1075 1092 1110 1127 1133 1133 1133 1138 1144 1150 1156 1161 1167 1173 1179 1185 1190 1187 1182 1181 1215 1248 1281 1315 1348 1382 1415 1449 1482 1511 1504 1497 1494 1504 1514 1524 1534 1544 1554 1564 1574 1584 1589 1579 1570 1559 1545 1531 1517 1503 1488 1474 1460 1446 1432 1420 1412 1403 1388 1354 1320 1286 1252 1218 1184 1149 1115 1081 1057 1040 1024 1002 971 940 909 877 846 815 784 753 722 713 705 695 664
904 923 933 942 951 961 978 995 1013 1030 1047 1065 1082 1099 1113 1113 1113 1113 1115 1120 1126 1132 1138 1144 1149 1155 1161 1162 1157 1153 1148 1164 1197 1231 1264 1298 1331 1364 1398 1431 1437 1430 1422 1415 1419 1429 1440 1450 1460 1470 1480 1490 1500 1493 1484 1474 1465 1452 1438 1424 1410 1395 1381 1367 1353 1339 1330 1322 1314 1305 1278 1244 1210 1176 1142 1108 1074 1040 1009 992 975 959 942 914 882 851 820 789 758 727 696 678 670 662 654 634
904 918 927 936 945 954 968 985 1002 1020 1037 1054 1072 1089 1092 1092 1092 1092 1092 1097 1102 1108 1114 1120 1126 1131 1136 1132 1127 1123 1118 1114 1147 1180 1213 1247 1280 1314 1347 1369 1362 1355 1348 1341 1335 1345 1355 1365 1375 1385 1395 1405 1407 1397 1388 1379 1369 1359 1345 1331 1317 1302 1288 1274 1260 1249 1241 1233 1224 1216 1203 1169 1135 1101 1067 1033 999 965 944 927 910 894 877 856 825 794 763 732 701 670 642 634 626 618 610 602
903 912 921 930 939 948 958 975 992 1009 1027 1044 1061 1072 1072 1072 1072 1072 1072 1073 1079 1085 1090 1096 1102 1108 1107 1102 1098 1093 1088 1084 1096 1129 1163 1196 1230 1263 1297 1295 1287 1280 1273 1266 1259 1261 1271 1281 1291 1301 1311 1321 1311 1302 1292 1283 1273 1264 1252 1238 1224 1209 1195 1181 1168 1160 1151 1143 1135 1126 1118 1093 1059 1025 991 957 923 895 879 862 846 829 812 796 768 737 706 675 644 613 599 591 583 575 567 559
897 906 915 924 933 943 952 964 981 999 1016 1033 1051 1051 1051 1051 1051 1051 1051 1051 1055 1061 1067 1072 1078 1081 1077 1072 1068 1063 1059 1054 1050 1079 1112 1146 1179 1212 1227 1220 1213 1206 1198 1191 1184 1177 1187 1197 1207 1217 1227 1225 1215 1206 1197 1187 1178 1168 1159 1145 1130 1116 1102 1088 1078 1070 1062 1053 1045 1037 1028 1018 984 950 916 882 848 831 814 797 781 764 747 731 711 680 649 618 587 564 556 548 540 532 524 516
891 900 909 918 928 937 946 955 971 988 1006 1023 1031 1031 1031 1031 1031 1031 1031 1031 1031 1037 1043 1049 1055 1052 1047 1043 1038 1033 1029 1024 1020 1028 1061 1095 1128 1160 1152 1145 1138 1131 1124 1117 1110 1102 1103 1113 1123 1133 1139 1129 1120 1110 1101 1092 1082 1073 1063 1052 1037 1023 1009 997 989 981 972 964 955 947 939 930 908 874 840 806 782 766 749 732 716 699 682 666 649 623 592 560 529 521 513 505 497 489 481 473
885 894 903 913 922 931 940 949 961 978 995 1010 1010 1010 1010 1010 1010 1010 1010 1010 1010 1013 1019 1025 1026 1022 1017 1013 1008 1004 999 995 990 985 1011 1044 1078 1085 1078 1071 1063 1056 1049 1042 1035 1028 1021 1029 1039 1049 1043 1034 1024 1015 1005 996 987 977 968 958 944 930 916 908 899 891 883 874 866 858 849 841 832 799 765 734 717 701 684 668 651 634 618 601 584 566 534 503 485 477 469 461 453 445 437 429
879 888 898 907 916 925 934 943 953 968 985 990 990 990 990 990 990 990 990 990 990 990 996 1001 997 992 987 983 978 974 969 965 960 956 960 994 1017 1010 1003 996 989 982 974 967 960 953 946 945 955 957 947 938 929 919 910 900 891 881 872 863 851 837 827 818 810 801 793 785 776 768 760 751 743 724 689 669 653 636 619 603 586 569 553 536 519 503 477 450 442 434 426 418 410 402 394 386
873 883 892 901 910 919 928 938 947 957 969 969 969 969 969 969 969 969 969 969 969 969 972 971 967 962 958 953 949 944 940 935 930 926 921 943 943 936 928 921 914 907 900 893 886 878 871 864 870 861 852 842 833 823 814 805 795 786 776 767 758 745 737 729 720 712 703 695 687 678 670 662 653 645 621 604 588 571 554 538 521 504 488 471 454 438 420 407 399 391 383 375 367 359 351 343
868 877 887 896 905 914 923 932 942 951 950 950 950 950 950 950 950 950 950 950 950 950 947 942 938 933 929 924 919 915 910 906 901 897 892 884 877 870 863 856 849 842 835 828 821 814 807 800 793 784 775 767 758 749 740 731 722 713 705 696 687 675 667 659 651 643 635 628 620 612 604 596 588 581 577 561 545 529 512 496 480 464 447 431 415 399 387 381 373 366 359 352 344 337 330 322
866 875 884 893 902 911 921 930 939 941 938 938 938 938 938 938 938 938 938 938 938 938 926 915 911 906 902 897 892 888 883 879 874 870 865 849 838 831 824 817 810 803 796 790 783 776 769 762 755 747 738 729 720 711 702 693 685 676 667 658 646 630 620 613 605 597 589 581 573 565 558 550 542 541 544 532 516 500 483 467 451 435 418 402 386 370 364 360 353 345 338 331 324 316 309 302
863 872 881 890 900 909 918 927 935 931 927 925 925 925 925 925 925 925 925 925 925 919 904 890 884 879 875 870 865 861 856 852 847 843 831 815 799 792 786 779 772 765 758 751 744 737 730 723 716 709 700 691 682 673 665 656 647 638 629 620 605 589 574 566 558 550 543 535 527 519 511 503 497 501 504 503 487 471 454 438 422 406 389 373 357 347 342 338 332 325 318 310 303 296 288 281
860 869 878 888 897 906 915 924 925 920 916 912 912 912 912 912 912 912 912 912 912 898 883 868 857 852 848 843 838 834 829 825 820 814 797 781 765 754 747 740 733 726 719 712 705 698 691 684 677 670 662 653 645 636 627 618 609 600 591 579 563 547 531 520 512 504 496 488 480 473 465 457 457 461 464 467 458 442 425 409 393 377 360 344 329 324 320 315 311 304 297 290 282 275 268 261
857 867 876 885 894 903 912 918 914 910 906 901 899 899 899 899 899 899 899 899 891 876 861 847 832 825 821 816 811 807 802 798 793 780 764 747 731 715 708 701 694 687 680 673 666 659 652 645 638 632 625 616 607 598 589 580 571 563 553 537 521 505 489 473 465 458 450 442 434 426 418 414 418 421 424 427 429 413 396 380 364 348 331 315 307 302 298 293 288 284 276 269 262 254 247 240
855 864 873 882 891 901 910 908 904 899 895 891 887 886 886 886 886 886 886 884 869 854 840 825 810 798 794 789 784 780 775 771 762 746 730 714 698 681 669 662 655 648 641 634 627 620 613 607 600 593 586 578 569 560 551 543 534 525 511 495 479 463 447 431 419 411 403 395 388 380 372 374 378 381 384 387 390 384 367 351 335 319 302 289 285 280 275 271 266 262 256 248 241 234 227 219
852 861 870 880 889 898 901 897 893 889 885 880 876 873 873 873 873 873 873 862 848 833 818 804 789 774 767 762 757 753 748 744 728 712 696 680 664 648 631 623 616 609 602 595 588 582 575 568 561 554 547 540 531 523 514 505 496 485 469 453 437 421 405 389 373 365 357 349 341 333 331 334 338 341 344 347 351 354 338 322 306 290 273 267 262 258 253 249 244 239 235 228 220 213 206 201
846 858 868 877 886 895 891 887 882 878 874 870 866 861 861 861 861 861 855 841 826 811 797 782 767 753 740 735 730 726 721 710 694 678 662 646 630 614 598 584 577 570 564 557 550 543 536 529 522 515 508 501 494 485 476 467 458 443 427 411 395 379 363 347 331 318 310 303 295 288 291 295 298 301 304 307 311 314 309 293 277 260 249 245 240 236 231 226 222 217 213 207 200 193 185 184
841 855 865 874 883 885 880 876 872 868 863 859 855 851 848 848 848 848 834 819 805 790 775 761 746 731 717 708 703 699 693 676 660 644 628 612 596 580 564 548 539 532 525 518 511 504 497 490 483 476 470 463 456 447 438 430 417 401 385 369 353 337 321 305 289 273 264 256 248 248 251 255 258 261 264 267 271 274 277 264 248 232 227 222 218 213 209 204 200 195 190 186 179 172 167 166
836 850 862 871 878 874 870 866 861 857 853 849 844 840 836 835 835 827 812 798 783 768 754 739 724 710 695 681 676 672 659 643 627 610 594 578 562 546 530 514 500 493 486 479 472 465 458 451 445 438 431 424 417 410 401 391 375 359 343 327 311 295 279 263 247 231 218 210 205 208 212 215 218 221 224 228 231 234 237 235 219 209 205 200 196 191 186 182 177 173 168 164 159 151 150 149
830 844 858 869 868 863 859 855 851 847 842 838 834 830 825 822 820 805 791 776 761 747 732 717 703 688 674 659 649 641 625 609 593 577 560 544 528 512 496 480 464 454 447 440 433 426 420 413 406 399 392 385 378 371 363 349 333 317 301 285 269 253 237 221 205 189 173 163 165 168 172 175 178 181 184 188 191 194 197 200 192 187 183 178 173 169 164 160 155 151 146 141 137 133 133 132
825 839 853 860 856 852 847 843 839 835 831 827 822 818 814 810 798 783 769 754 740 725 711 696 681 667 652 637 623 607 591 575 559 543 527 511 494 478 462 446 430 415 408 401 395 388 381 374 367 360 353 347 340 333 325 309 294 278 263 247 232 216 201 185 169 154 138 130 134 138 142 146 149 153 157 161 165 169 173 177 178 174 170 166 162 158 153 149 145 141 137 133 129 128 128 129
824 838 852 843 836 832 828 824 820 816 811 807 803 799 795 786 768 753 739 724 709 695 680 666 651 636 622 607 593 578 562 546 530 514 498 482 466 450 433 417 401 391 384 377 370 364 357 350 343 337 330 323 316 309 307 297 281 265 250 234 219 203 188 172 156 141 126 124 125 129 133 137 141 145 149 153 156 160 164 168 170 169 165 161 156 152 148 144 140 136 131 127 125 125 125 125
823 837 838 827 817 813 809 805 800 796 792 788 784 780 775 758 739 723 708 694 679 665 650 635 621 606 592 577 564 550 534 518 502 486 470 453 437 421 405 389 375 368 360 353 347 340 333 326 320 313 306 299 293 288 286 284 268 253 237 221 206 190 175 159 144 128 121 119 117 121 125 129 133 136 140 144 148 152 156 158 161 163 159 155 151 147 143 139 134 130 126 123 122 122 121 122
822 834 823 812 801 794 789 785 781 777 773 769 764 760 748 730 711 693 678 663 649 634 620 605 591 576 561 547 534 520 506 489 473 457 441 425 409 393 377 361 352 344 337 330 323 316 309 303 296 289 282 276 269 267 266 264 255 240 224 208 193 177 162 146 131 118 116 114 112 112 116 120 124 128 132 136 140 143 147 149 152 154 154 150 146 141 137 133 129 125 121 119 119 119 118 118
821 818 807 796 785 774 770 766 762 758 753 749 745 739 720 702 683 664 648 633 619 604 589 575 560 546 531 518 504 490 477 461 445 429 413 397 381 364 348 336 328 321 313 306 299 292 286 279 272 265 259 252 248 247 245 243 242 227 211 196 180 164 149 133 118 113 111 109 106 104 108 112 116 120 123 127 131 135 138 140 143 145 148 144 140 136 132 128 124 119 117 116 116 116 115 115
814 803 791 780 769 758 751 747 742 738 734 730 726 711 692 674 655 636 617 603 588 574 559 545 530 515 502 488 474 461 447 433 417 400 384 368 352 336 320 313 305 298 290 283 276 269 262 255 248 242 235 229 227 226 224 223 221 214 198 183 167 151 136 120 110 108 105 103 101 99 99 103 107 111 115 119 123 126 128 131 133 136 139 139 135 131 127 122 118 114 114 113 113 113 112 112
798 787 776 765 754 743 732 727 723 719 715 711 702 683 664 645 627 608 589 573 558 543 529 514 500 486 472 458 445 431 417 404 388 372 356 340 324 308 297 289 282 274 267 259 252 245 238 232 225 218 211 208 207 205 204 202 201 199 185 170 154 139 123 107 104 102 100 98 96 94 92 95 99 103 107 110 114 117 119 122 124 127 129 132 129 125 121 117 113 111 110 110 110 109 109 109
782 771 760 749 738 727 716 708 704 700 695 691 673 655 636 617 599 580 561 542 528 513 499 484 470 456 442 429 415 401 388 374 360 344 328 311 295 281 273 266 259 251 244 236 229 221 215 208 201 194 189 188 186 185 183 181 180 178 172 157 141 126 110 101 99 97 95 93 91 89 87 86 90 94 98 102 105 107 110 112 115 118 120 123 124 120 116 112 108 108 107 107 107 106 106 106
767 756 744 733 722 711 700 689 684 680 676 664 645 627 608 589 571 552 533 514 498 483 468 454 440 426 413 399 385 372 358 344 331 315 299 283 267 258 250 243 235 228 220 213 205 198 191 184 177 171 169 167 165 164 162 161 159 158 156 144 128 113 98 96 94 92 90 88 86 84 82 80 82 86 90 93 96 98 101 103 106 108 111 114 116 114 110 106 105 105 104 104 103 103 103 102
751 740 729 718 707 696 685 674 665 661 655 636 617 599 580 561 542 524 505 486 468 453 438 424 410 396 383 369 356 342 328 315 301 287 271 255 242 234 227 219 212 204 197 189 182 175 167 160 154 149 148 146 145 143 142 140 139 137 136 131 115 100 93 91 89 87 85 83 81 79 77 75 73 77 81 84 86 89 92 94 97 99 102 104 107 109 105 102 102 101 101 101 100 100 100 99
735 724 713 702 691 680 669 658 647 642 627 608 589 570 552 533 514 496 477 458 439 422 408 394 380 367 353 340 326 312 299 285 271 258 242 226 218 211 204 196 189 181 174 166 159 151 144 137 130 129 127 126 124 123 121 119 118 116 115 113 102 90 88 86 84 82 80 78 76 74 72 70 68 69 72 75 77 80 82 85 87 90 93 95 98 100 100 99 99 98 98 98 97 97 97 96
714 703 693 682 672 661 651 640 630 617 598 580 561 542 524 505 486 467 449 430 411 393 378 364 351 337 323 310 296 283 269 255 242 228 214 203 195 188 180 173 165 158 150 143 135 128 120 113 110 108 107 105 103 102 100 99 97 96 94 93 90 85 83 81 79 77 75 73 71 69 67 65 63 61 64 67 70 73 76 79 82 85 88 91 94 97 94 94 94 93 93 93 92 92 92 91
672 662 651 641 630 620 609 599 588 581 564 546 527 509 490 472 453 435 416 397 379 362 354 340 326 313 299 285 271 258 244 230 216 203 191 187 179 172 164 157 150 142 135 127 120 113 105 99 98 97 96 94 93 92 90 89 88 87 85 84 84 83 81 79 77 75 73 71 69 67 65 63 62 63 65 68 71 74 77 80 83 86 89 92 94 96 91 89 89 88 88 88 87 87 86 86
630 620 609 599 588 578 568 557 549 542 530 512 493 475 456 438 419 400 382 363 345 336 331 319 305 291 278 264 250 236 223 209 195 181 179 178 171 163 156 149 141 134 126 119 112 104 97 95 94 93 92 90 89 88 86 85 84 82 81 80 81 82 80 78 76 74 72 70 68 66 64 62 61 64 66 69 72 75 78 81 84 87 89 92 95 92 88 84 83 83 83 82 82 82 81 81
