testcase/grote_nete/input/msw.asc
ncols        1067
nrows        416
xllcorner    172414.999999993393
yllcorner    194088.000000073574
cellsize     20.000000000000
NODATA_value -32768
[rows 308 to 351 of 416, columns 576 to 671 of 1067]
105 116 127 138 148 157 164 170 178 192 207 213 219 224 207 189 175 166 158 151 144 134 124 114 103 92 85 78 72 68 65 62 59 56 54 53 52 52 51 52 53 55 57 59 60 61 59 56 54 53 52 52 51 50 49 50 50 52 54 57 62 67 68 70 71 72 72 72 73 73 73 73 73 74 74 74 75 76 77 79 81 83 86 91 99 114 130 135 130 127 134 150 158 136 110 92
121 130 139 148 153 160 167 174 182 197 212 224 231 223 205 188 170 161 153 147 140 132 122 111 100 89 80 73 68 65 62 59 56 54 52 51 50 50 49 51 52 53 55 57 58 58 58 55 53 53 52 52 51 50 50 51 51 52 54 58 63 68 72 74 75 75 75 75 76 76 76 76 76 77 77 78 78 78 80 82 84 86 87 93 105 118 131 140 134 129 136 153 154 128 107 91
140 149 158 152 151 161 170 177 187 201 216 231 239 221 204 186 169 156 149 143 136 129 120 109 98 87 76 69 66 63 60 57 54 52 51 49 48 47 48 49 50 51 53 54 55 55 56 54 53 53 52 52 51 51 51 51 52 52 55 60 65 70 74 77 78 78 78 79 79 79 79 79 80 80 80 81 82 82 84 86 88 90 91 97 109 119 129 135 131 128 132 139 129 116 102 90
159 168 167 155 147 157 167 177 187 200 213 227 231 216 199 181 164 152 145 138 132 125 116 106 95 84 73 66 63 60 57 54 52 50 49 47 46 45 46 48 49 50 51 51 52 53 53 54 54 54 54 54 54 56 56 57 57 57 59 64 69 73 78 81 82 82 83 83 83 83 83 83 83 84 84 85 86 87 89 91 93 94 96 101 111 121 131 134 132 130 130 119 111 103 95 87
178 182 170 158 146 153 163 172 180 192 205 216 215 210 193 175 160 149 141 134 128 120 112 101 90 79 70 64 61 58 55 52 51 50 49 47 46 47 48 49 51 52 53 53 54 55 55 58 60 60 60 60 61 65 66 66 67 67 68 71 76 81 85 86 86 87 87 88 88 87 87 88 88 88 89 89 90 91 93 95 97 97 100 105 115 129 143 146 144 135 116 102 95 90 90 82
197 185 173 161 149 149 159 166 174 183 197 200 199 199 186 169 157 147 137 130 124 115 106 97 86 75 68 63 58 55 52 51 51 50 49 47 47 49 50 52 53 54 55 55 56 57 58 61 65 66 66 66 69 72 75 76 76 77 77 79 84 88 90 91 91 92 92 92 92 92 92 92 92 92 93 94 94 95 97 99 101 99 101 109 120 138 156 170 148 125 105 87 84 84 84 79
196 185 175 164 152 145 153 161 169 176 186 185 184 183 180 166 155 145 135 126 118 109 101 92 81 73 67 62 56 53 50 50 50 50 49 47 49 51 53 54 55 56 57 57 58 59 61 65 68 72 72 73 76 79 83 85 86 86 87 87 91 94 94 95 96 96 97 97 96 96 96 96 96 97 98 99 99 100 103 105 108 107 109 118 129 137 152 152 136 116 101 87 83 83 82 79
178 170 160 150 139 136 143 151 159 168 170 169 168 167 166 161 151 141 130 123 113 104 95 87 77 71 66 60 55 50 49 49 49 49 49 49 51 53 55 56 57 58 59 59 60 61 65 68 72 75 78 80 84 87 90 92 94 95 96 97 97 98 99 100 101 101 101 101 101 101 100 100 100 101 102 103 105 107 111 112 117 120 117 117 121 125 133 129 122 109 98 92 87 84 83 81
158 155 145 134 127 127 130 139 147 153 154 154 153 152 151 152 142 132 122 119 114 104 95 85 74 68 62 57 52 49 48 48 48 48 49 50 52 54 56 58 60 62 63 65 66 67 70 74 77 81 84 86 89 91 94 97 100 101 102 102 103 104 105 106 106 106 106 106 106 105 105 104 105 105 107 108 111 116 121 120 116 115 111 111 112 113 112 110 107 103 94 87 82 86 91 89
137 137 130 119 118 119 119 126 134 136 137 138 137 136 137 137 133 123 116 115 114 105 95 86 76 62 56 51 48 50 47 47 47 47 51 47 49 52 54 61 69 72 73 75 76 76 78 81 85 88 89 91 93 96 99 102 105 107 108 108 108 110 111 112 112 112 111 111 111 110 109 109 109 110 111 113 116 123 120 115 110 106 102 104 105 104 97 93 95 98 90 83 80 88 96 98
117 117 114 109 110 110 111 114 119 119 120 121 121 121 122 123 123 114 112 111 111 105 96 88 77 62 50 46 49 51 48 46 46 49 53 49 47 49 56 67 75 82 84 85 86 85 85 89 92 94 94 96 98 101 103 106 109 112 113 113 114 116 117 118 118 118 117 117 116 115 114 114 114 114 116 118 120 122 116 111 106 99 95 98 100 98 92 91 92 93 89 83 83 91 98 106
102 102 103 101 102 102 103 102 103 104 105 105 106 107 107 108 109 108 107 105 103 101 96 90 78 63 47 47 50 53 50 47 48 52 56 51 47 51 62 73 81 88 94 95 95 95 95 96 98 99 100 101 104 104 106 108 111 114 116 117 119 122 124 125 125 125 125 124 122 120 119 118 119 119 121 124 126 121 112 108 102 95 95 94 94 93 91 91 92 90 87 82 86 94 103 113
105 106 106 99 98 98 99 88 92 93 94 94 89 94 94 95 94 92 93 92 90 87 83 78 76 60 50 50 53 55 53 51 53 57 63 63 61 67 75 83 88 94 101 99 99 99 99 96 101 102 103 106 106 106 108 111 113 116 118 121 125 131 133 134 135 135 134 133 129 126 124 123 123 126 130 132 130 117 110 106 102 97 96 97 99 97 99 98 96 93 89 87 93 102 112 123
109 109 109 102 95 94 84 73 77 83 84 78 72 77 81 81 76 73 77 78 76 74 71 68 67 58 55 53 55 56 57 57 59 62 70 76 80 85 93 94 95 102 108 100 92 92 89 78 95 97 98 107 111 110 112 114 118 120 123 127 131 142 147 149 149 149 149 146 139 132 128 128 130 135 129 122 118 113 108 103 101 99 98 101 105 106 109 110 106 103 99 100 102 111 120 132
112 112 111 105 97 83 71 59 65 72 71 62 55 62 69 66 58 54 58 64 64 62 60 62 60 58 57 55 57 58 59 58 59 67 75 90 99 104 105 105 105 109 115 106 89 82 70 60 76 93 98 108 116 116 116 119 122 126 128 133 144 152 148 144 144 142 140 140 143 139 133 132 136 129 123 117 111 104 102 101 98 96 97 101 104 113 116 117 116 113 112 114 115 119 129 142
114 117 114 105 97 76 61 56 60 66 63 56 54 58 63 62 54 52 57 61 59 52 53 57 58 58 55 55 57 60 61 58 58 66 81 105 119 119 107 105 108 116 121 107 90 77 60 48 68 88 100 110 117 118 118 123 130 132 134 137 146 152 142 138 135 133 132 131 133 134 141 138 131 120 115 110 103 100 98 96 94 92 95 98 104 114 122 122 123 125 126 128 130 132 138 151
115 120 114 106 91 71 53 56 58 57 54 52 53 55 55 54 53 54 55 57 58 52 53 58 60 59 56 59 62 65 66 67 66 74 86 105 122 131 116 106 114 122 115 105 90 78 63 63 71 88 101 113 115 117 120 124 131 136 138 140 147 148 137 132 128 126 125 124 124 125 127 127 119 114 109 103 100 97 94 93 90 91 94 97 108 123 138 139 141 142 144 145 147 148 148 159
106 109 104 95 90 71 61 59 61 62 59 57 57 58 59 57 56 56 57 59 60 60 61 63 66 64 64 70 76 80 83 86 87 89 94 98 108 113 104 101 104 108 103 97 90 79 73 75 76 87 101 108 110 112 119 124 132 142 148 153 143 140 131 126 122 120 119 118 117 117 116 116 112 108 107 102 100 97 98 101 99 101 104 109 124 139 154 157 158 160 161 163 164 164 164 167
96 94 91 86 81 74 69 64 64 64 64 62 61 62 62 61 60 58 60 62 63 65 66 67 74 78 84 87 84 82 82 82 83 88 98 96 96 94 96 95 94 92 91 88 86 80 77 77 81 87 93 95 99 105 114 125 135 148 144 139 134 130 124 120 117 115 114 113 112 111 110 109 106 105 104 102 100 96 101 105 109 111 113 126 140 155 170 175 176 177 178 180 181 180 180 179
91 81 80 84 78 72 67 64 65 66 64 62 62 63 63 62 61 60 61 63 65 75 82 92 90 87 81 76 74 74 74 72 73 78 89 92 88 84 87 91 88 78 75 79 83 81 72 72 80 89 88 78 77 92 109 125 144 147 135 129 125 122 119 115 112 110 108 107 106 105 102 99 98 100 99 93 87 88 100 105 112 118 127 141 154 168 182 184 186 188 190 193 190 187 184 181
88 78 74 79 76 71 65 65 66 66 63 61 62 63 63 62 60 60 61 64 66 76 85 83 81 77 71 66 67 68 67 64 63 70 79 82 79 76 90 95 86 70 62 75 84 81 70 69 83 97 91 68 63 84 113 135 150 139 128 121 118 115 113 111 109 106 103 102 100 97 93 90 90 93 93 84 75 81 95 110 119 127 135 147 161 174 181 182 184 186 189 189 185 181 178 175
100 91 83 86 82 76 71 70 72 72 69 67 67 68 67 65 63 63 64 67 69 78 86 79 75 71 66 62 62 63 61 59 58 65 73 75 72 69 88 98 95 78 68 81 89 87 81 76 88 99 94 85 81 100 122 132 134 128 120 115 112 111 108 107 106 103 99 97 98 97 91 86 89 94 95 84 78 88 105 122 130 138 146 153 167 180 180 181 182 184 187 183 179 175 172 169
123 118 105 94 89 85 81 78 77 77 77 76 74 74 74 72 70 69 70 71 72 86 89 77 71 67 63 60 60 59 59 59 60 66 71 77 76 82 88 97 103 105 97 97 102 103 101 90 93 96 95 91 91 99 108 115 119 116 113 111 108 106 104 103 103 100 96 95 97 97 91 92 94 97 99 89 96 106 115 132 142 149 156 163 173 179 179 180 180 183 182 178 174 170 166 163
106 109 119 104 96 91 88 85 85 85 85 84 83 82 80 77 75 75 76 77 82 98 86 74 68 63 59 56 55 55 55 55 58 63 70 80 88 94 97 101 107 115 123 115 126 117 110 106 104 104 104 103 103 104 107 110 111 109 108 106 105 103 101 100 99 98 95 95 96 97 95 97 99 101 103 105 115 124 133 142 152 160 165 171 177 178 178 179 179 181 177 173 169 165 161 158
97 97 108 110 99 97 91 89 89 90 92 91 90 88 85 83 77 76 81 91 102 88 76 70 64 59 56 53 51 51 50 51 56 61 69 88 103 106 107 104 111 120 123 120 121 117 120 117 112 108 108 109 108 107 107 107 107 105 103 102 101 100 98 96 95 94 95 96 97 100 104 106 108 110 113 121 130 139 148 157 154 159 165 171 177 178 178 179 179 180 178 174 171 168 164 162
89 90 95 113 113 110 102 89 94 108 111 107 101 96 92 86 76 74 95 101 89 75 65 63 62 56 50 47 49 48 47 49 54 59 71 92 109 109 108 104 112 121 128 118 116 117 119 119 114 108 109 111 109 107 107 106 104 102 103 101 99 98 96 95 96 97 98 99 100 110 118 120 122 123 128 134 143 152 161 165 162 159 165 171 177 177 178 178 179 181 181 178 174 171 168 165
83 83 88 97 105 108 104 107 114 115 108 96 99 111 103 94 87 100 99 96 83 70 60 58 59 53 44 45 48 48 47 48 52 58 70 87 98 105 104 103 109 114 120 113 112 114 115 114 112 108 107 107 106 106 106 104 102 103 107 105 102 100 98 98 99 100 101 102 110 120 130 133 135 139 143 148 156 165 174 172 169 166 165 171 176 177 178 179 180 181 183 181 178 175 172 169
79 81 85 91 98 102 103 106 109 109 109 105 105 122 122 113 122 110 103 97 87 78 71 68 65 56 48 47 47 47 48 48 50 59 71 83 92 101 101 100 102 105 108 108 107 108 108 108 106 106 104 104 104 105 106 108 107 107 109 108 105 102 100 101 102 103 105 110 120 130 139 147 149 154 159 163 169 178 183 180 177 174 171 170 176 177 178 179 181 182 183 184 181 178 175 173
75 77 80 84 94 102 111 114 114 114 117 118 122 132 143 131 135 120 111 101 97 90 84 77 68 59 53 51 48 47 48 48 48 59 71 83 93 96 97 97 99 103 104 105 104 103 103 104 106 105 103 102 104 108 110 118 119 119 117 113 109 106 103 105 107 108 111 120 130 140 149 159 164 169 174 179 184 191 190 187 184 181 178 175 176 177 179 180 181 182 184 185 185 182 179 177
71 70 73 81 93 105 120 128 126 120 121 129 139 132 140 138 139 132 119 107 107 105 93 81 72 63 55 51 48 47 47 48 51 59 71 82 91 92 93 95 98 101 101 102 101 100 99 101 104 104 101 99 104 110 117 125 130 127 124 121 117 113 112 113 114 116 123 132 141 151 160 168 174 180 185 191 197 199 196 192 189 186 183 180 177 177 178 180 181 183 184 186 187 185 182 177
65 62 63 77 91 106 124 142 140 132 126 137 143 135 132 133 141 135 122 111 108 104 97 86 76 68 60 52 48 47 47 51 54 59 71 83 88 90 91 94 96 98 99 99 99 98 97 103 109 111 108 107 112 118 126 133 134 134 131 128 124 122 121 120 122 126 135 143 153 162 171 177 182 188 193 199 202 198 195 191 188 185 182 179 176 174 175 177 178 180 182 183 185 175 169 164
62 59 59 73 87 97 115 131 132 127 123 128 133 130 123 124 127 125 116 111 107 102 95 88 80 72 64 56 48 47 50 53 57 60 71 79 84 89 90 92 95 96 97 100 104 103 104 109 116 119 116 119 122 127 134 138 138 138 138 135 132 131 130 129 130 138 147 155 164 173 180 185 190 196 201 206 202 197 194 190 187 184 181 178 175 172 172 174 175 177 179 180 175 165 157 151
62 61 62 68 80 90 103 110 115 111 115 121 125 125 119 119 119 117 115 110 106 102 96 89 84 76 68 60 53 52 54 57 60 63 70 75 80 85 88 91 92 94 96 102 107 107 111 117 122 127 128 131 134 137 142 142 142 142 142 143 142 142 141 141 143 150 158 167 175 183 188 193 199 204 210 205 201 197 193 189 186 183 180 177 174 172 169 171 173 174 176 176 166 156 145 138
59 61 63 66 72 81 89 92 96 101 107 114 115 115 114 114 114 113 111 108 105 104 98 92 87 80 72 64 61 59 61 64 66 69 71 76 81 85 89 91 93 94 98 103 109 113 119 124 129 138 143 146 150 153 149 150 150 151 151 153 156 156 155 155 157 165 173 180 186 189 194 200 206 211 209 205 200 196 192 188 185 182 179 176 174 171 168 168 170 171 173 167 156 146 136 126
56 57 60 61 61 68 76 80 86 98 106 113 114 113 112 112 111 110 108 106 105 103 100 95 90 84 76 70 69 68 68 70 73 75 76 80 85 90 92 93 95 97 100 106 111 118 124 129 134 148 162 165 169 170 162 159 159 160 160 164 168 170 170 169 172 179 187 193 191 191 196 202 207 211 207 204 199 195 191 187 184 181 178 176 173 170 168 165 167 168 167 157 147 137 126 116
52 54 55 55 56 56 64 70 82 93 105 112 112 112 111 110 110 108 107 107 106 104 101 98 93 88 80 79 77 76 75 77 79 81 82 85 89 94 95 96 97 99 103 108 115 122 129 134 139 158 177 184 187 183 175 168 168 169 171 175 179 182 184 183 186 194 201 199 197 195 198 204 209 209 205 202 198 194 190 186 183 180 178 175 172 170 167 164 164 165 158 148 137 127 117 107
50 51 51 51 51 51 54 65 77 89 100 111 111 110 109 109 108 107 107 107 108 106 102 98 95 91 89 87 86 84 83 83 85 87 88 90 94 96 97 99 100 101 105 112 119 126 133 139 149 168 187 203 204 196 188 180 177 178 181 185 189 193 197 197 201 208 206 204 203 201 200 205 211 207 204 200 196 193 189 185 182 180 177 174 172 169 166 164 161 159 148 138 128 118 107 97
50 51 51 51 51 52 59 70 81 92 103 110 110 109 109 108 107 108 108 108 108 107 104 102 100 98 97 96 94 93 91 86 89 91 94 96 98 99 100 101 103 104 108 116 123 130 137 143 159 178 197 215 217 209 201 193 186 188 192 196 200 204 208 212 215 214 212 210 208 206 205 207 209 205 202 198 195 189 182 177 175 173 170 168 165 163 160 158 156 150 140 130 120 109 99 89
49 50 51 52 52 56 65 74 85 97 108 109 110 109 108 107 108 110 110 110 110 113 112 110 108 107 105 104 103 101 99 91 88 91 93 96 109 111 113 114 115 116 117 124 130 137 143 149 165 182 199 216 217 212 207 201 196 198 201 204 208 211 215 218 213 213 213 214 214 212 210 209 207 202 195 188 181 174 168 164 163 161 158 156 154 151 149 146 144 142 133 123 113 103 92 82
49 50 51 52 52 61 71 80 90 101 106 107 108 109 108 107 110 112 113 113 113 117 120 119 117 115 114 113 111 110 104 96 88 91 93 104 120 127 128 129 130 131 130 135 141 147 154 159 166 183 200 217 217 211 206 201 198 197 201 204 207 211 214 211 196 196 196 197 197 197 198 198 193 187 180 173 166 159 153 152 151 149 147 144 142 139 137 134 132 130 126 116 106 96 86 75
49 50 51 52 58 67 76 85 94 103 104 106 107 108 107 109 111 113 115 115 117 121 125 127 125 124 122 121 120 117 109 101 93 90 98 114 130 142 143 144 146 145 145 145 152 158 165 169 173 184 201 218 216 211 206 202 199 197 200 203 207 210 213 200 186 178 179 179 180 180 180 179 178 172 165 158 151 144 141 139 138 137 135 132 130 127 125 123 120 118 116 109 99 89 79 69
56 57 57 58 63 72 81 90 99 104 105 105 106 107 108 110 112 114 117 118 122 125 129 132 133 132 131 131 131 122 114 106 98 93 109 125 140 156 158 160 160 160 159 159 163 169 174 178 182 186 202 219 216 211 207 204 201 198 199 203 206 210 203 189 175 161 161 162 162 163 162 161 159 157 150 143 136 130 128 127 126 124 123 121 118 116 113 111 109 106 104 102 92 82 72 63
67 67 68 68 67 76 85 94 104 113 114 114 115 115 114 116 118 120 121 121 124 128 131 134 157 164 164 164 161 129 118 110 102 104 119 135 151 167 174 175 175 174 174 173 173 180 184 188 192 196 203 220 216 212 209 206 203 200 199 202 206 206 192 178 164 150 144 144 145 145 144 142 141 139 135 128 121 117 115 114 113 112 111 109 106 104 102 99 97 95 92 90 85 75 65 60
77 78 78 78 77 80 89 99 108 118 123 123 124 123 122 122 124 126 128 126 126 129 133 137 168 197 197 197 180 148 122 114 106 115 130 146 161 177 189 190 189 189 188 188 187 190 194 198 202 206 210 221 217 214 211 208 205 202 199 202 205 195 181 167 153 139 127 127 128 127 125 124 123 121 120 113 107 104 103 102 100 99 98 97 95 92 90 88 85 83 81 78 76 68 59 58
