testcase/grote_nete/input/msw.asc
ncols        1067
nrows        416
xllcorner    172414.999999993393
yllcorner    194088.000000073574
cellsize     20.000000000000
NODATA_value -32768
[rows 132 to 175 of 416, columns 864 to 959 of 1067]
-32768 -32768 -32768 -32768 -32768 -32768 -32768 -32768 -32768 -32768 -32768 -32768 -32768 -32768 -32768 -32768 -32768 -32768 -32768 -32768 -32768 -32768 -32768 -32768 -32768 -32768 -32768 -32768 -32768 -32768 -32768 -32768 -32768 -32768 -32768 -32768 -32768 -32768 -32768 -32768 -32768 -32768 -32768 -32768 -32768 -32768 -32768 -32768 -32768 -32768 -32768 -32768 -32768 -32768 -32768 -32768 -32768 -32768 -32768 -32768 -32768 -32768 -32768 -32768 -32768 -32768 -32768 -32768 -32768 -32768 50 55 58 55 59 64 70 75 81 86 91 95 106 118 130 143 155 167 179 191 195 197 199 201 203 205
-32768 -32768 -32768 -32768 -32768 -32768 -32768 -32768 -32768 -32768 -32768 -32768 -32768 -32768 -32768 -32768 -32768 -32768 -32768 -32768 -32768 -32768 -32768 -32768 -32768 -32768 -32768 -32768 -32768 -32768 -32768 -32768 -32768 -32768 -32768 -32768 -32768 -32768 -32768 -32768 -32768 -32768 -32768 -32768 -32768 -32768 -32768 -32768 -32768 -32768 -32768 -32768 -32768 -32768 -32768 -32768 -32768 -32768 -32768 -32768 -32768 -32768 -32768 -32768 -32768 -32768 -32768 -32768 -32768 51 56 61 63 60 59 64 70 75 81 86 92 97 110 122 134 146 158 171 183 193 198 200 203 206 208 211
-32768 -32768 -32768 -32768 -32768 -32768 -32768 -32768 -32768 -32768 -32768 -32768 -32768 -32768 -32768 -32768 -32768 -32768 -32768 -32768 -32768 -32768 -32768 -32768 -32768 -32768 -32768 -32768 -32768 -32768 -32768 -32768 -32768 -32768 -32768 -32768 -32768 -32768 -32768 -32768 -32768 -32768 -32768 -32768 -32768 -32768 -32768 -32768 -32768 -32768 -32768 -32768 -32768 -32768 -32768 -32768 -32768 -32768 -32768 -32768 -32768 -32768 -32768 -32768 -32768 -32768 -32768 -32768 51 56 61 67 67 64 61 64 70 75 81 86 92 101 113 126 138 150 162 174 186 194 199 203 206 208 211 214
-32768 -32768 -32768 -32768 -32768 -32768 -32768 -32768 -32768 -32768 -32768 -32768 -32768 -32768 -32768 -32768 -32768 -32768 -32768 -32768 -32768 -32768 -32768 -32768 -32768 -32768 -32768 -32768 -32768 -32768 -32768 -32768 -32768 -32768 -32768 -32768 -32768 -32768 -32768 -32768 -32768 -32768 -32768 -32768 -32768 -32768 -32768 -32768 -32768 -32768 -32768 -32768 -32768 -32768 -32768 -32768 -32768 -32768 -32768 -32768 -32768 -32768 -32768 -32768 -32768 -32768 -32768 51 57 62 67 72 71 68 66 64 70 75 81 86 92 104 117 129 141 154 166 178 190 195 200 205 208 211 213 216
-32768 -32768 -32768 -32768 -32768 -32768 -32768 -32768 -32768 -32768 -32768 -32768 -32768 -32768 -32768 -32768 -32768 -32768 -32768 -32768 -32768 -32768 -32768 -32768 -32768 -32768 -32768 -32768 -32768 -32768 -32768 -32768 -32768 -32768 -32768 -32768 -32768 -32768 -32768 -32768 -32768 -32768 -32768 -32768 -32768 -32768 -32768 -32768 -32768 -32768 -32768 -32768 -32768 -32768 -32768 -32768 -32768 -32768 -32768 -32768 -32768 -32768 -32768 -32768 -32768 -32768 52 57 62 68 73 78 76 73 70 67 70 75 81 86 96 108 120 133 145 157 170 182 191 196 201 206 211 213 216 219
-32768 -32768 -32768 -32768 -32768 -32768 -32768 -32768 -32768 -32768 -32768 -32768 -32768 -32768 -32768 -32768 -32768 -32768 -32768 -32768 -32768 -32768 -32768 -32768 -32768 -32768 -32768 -32768 -32768 -32768 -32768 -32768 -32768 -32768 -32768 -32768 -32768 -32768 -32768 -32768 -32768 -32768 -32768 -32768 -32768 -32768 -32768 -32768 -32768 -32768 -32768 -32768 -32768 -32768 -32768 -32768 -32768 -32768 -32768 -32768 -32768 -32768 -32768 -32768 50 53 57 63 68 73 78 83 80 77 74 72 70 75 81 87 99 112 124 136 149 161 173 185 192 197 202 207 212 216 218 221
-32768 -32768 -32768 -32768 -32768 -32768 -32768 -32768 -32768 -32768 -32768 -32768 -32768 -32768 -32768 -32768 -32768 -32768 -32768 -32768 -32768 -32768 -32768 -32768 -32768 -32768 -32768 -32768 -32768 -32768 -32768 -32768 -32768 -32768 -32768 -32768 -32768 -32768 -32768 -32768 -32768 -32768 -32768 -32768 -32768 -32768 -32768 -32768 -32768 -32768 -32768 -32768 -32768 -32768 -32768 -32768 -32768 -32768 -32768 -32768 -32768 -32768 52 54 57 59 64 69 74 79 84 87 85 82 79 76 73 75 81 90 103 115 128 140 152 165 177 188 193 198 203 208 213 218 221 224
-32768 -32768 -32768 -32768 -32768 -32768 -32768 -32768 -32768 -32768 -32768 -32768 -32768 -32768 -32768 -32768 -32768 -32768 -32768 -32768 -32768 -32768 -32768 -32768 -32768 -32768 -32768 -32768 -32768 -32768 -32768 -32768 -32768 -32768 -32768 -32768 -32768 -32768 -32768 -32768 -32768 -32768 -32768 -32768 -32768 -32768 -32768 -32768 -32768 -32768 -32768 -32768 -32768 -32768 -32768 -32768 -32768 -32768 -32768 50 53 55 58 60 63 66 70 75 80 84 90 92 89 86 83 80 78 75 81 94 106 119 131 144 156 168 181 189 194 199 204 209 214 219 223 226
-32768 -32768 -32768 -32768 -32768 -32768 -32768 -32768 -32768 -32768 -32768 -32768 -32768 -32768 -32768 -32768 -32768 -32768 -32768 -32768 -32768 -32768 -32768 -32768 -32768 -32768 -32768 -32768 -32768 -32768 -32768 -32768 -32768 -32768 -32768 -32768 -32768 -32768 -32768 -32768 -32768 -32768 -32768 -32768 -32768 -32768 -32768 -32768 -32768 -32768 -32768 -32768 -32768 -32768 -32768 -32768 -32768 52 54 57 59 62 64 67 69 72 77 82 86 91 95 96 93 91 88 85 82 79 85 97 110 122 135 147 160 172 184 190 195 200 205 210 215 220 225 229
-32768 -32768 -32768 -32768 -32768 -32768 -32768 -32768 -32768 -32768 -32768 -32768 -32768 -32768 -32768 -32768 -32768 -32768 -32768 -32768 -32768 -32768 -32768 -32768 -32768 -32768 -32768 -32768 -32768 -32768 -32768 -32768 -32768 -32768 -32768 -32768 -32768 -32768 -32768 -32768 -32768 -32768 -32768 -32768 -32768 -32768 -32768 -32768 -32768 -32768 -32768 -32768 -32768 -32768 -32768 53 55 58 60 63 66 68 71 73 76 79 83 88 93 97 101 100 97 94 91 88 85 84 97 109 121 132 144 156 168 180 189 193 198 202 207 212 217 222 227 231
-32768 -32768 -32768 -32768 -32768 -32768 -32768 -32768 -32768 -32768 -32768 -32768 -32768 -32768 -32768 -32768 -32768 -32768 -32768 -32768 -32768 -32768 -32768 -32768 -32768 -32768 -32768 -32768 -32768 -32768 -32768 -32768 -32768 -32768 -32768 -32768 -32768 -32768 -32768 -32768 -32768 -32768 -32768 -32768 -32768 -32768 -32768 -32768 -32768 -32768 -32768 -32768 -32768 50 57 59 62 64 67 69 72 74 77 79 82 85 90 95 99 104 103 103 100 97 94 91 89 95 108 120 132 144 156 168 180 192 195 197 202 206 211 216 221 226 231 232
-32768 -32768 -32768 -32768 -32768 -32768 -32768 -32768 -32768 -32768 -32768 -32768 -32768 -32768 -32768 -32768 98 98 94 -32768 -32768 -32768 -32768 -32768 -32768 -32768 -32768 -32768 -32768 -32768 -32768 -32768 -32768 -32768 -32768 -32768 -32768 -32768 -32768 -32768 -32768 -32768 -32768 -32768 -32768 -32768 -32768 -32768 -32768 -32768 57 53 57 56 64 67 69 71 73 76 78 81 83 86 88 92 96 101 106 106 106 105 103 100 98 95 94 107 119 132 144 156 168 180 192 201 202 202 206 211 215 220 225 230 234 234
-32768 -32768 -32768 -32768 -32768 -32768 -32768 -32768 -32768 -32768 -32768 -32768 -32768 -32768 100 102 104 107 111 110 105 101 97 92 88 84 82 79 -32768 -32768 -32768 -32768 -32768 -32768 -32768 -32768 -32768 -32768 -32768 -32768 -32768 -32768 -32768 -32768 -32768 -32768 -32768 -32768 60 62 66 71 71 68 69 74 76 78 80 82 85 87 90 92 95 98 103 108 108 108 108 107 107 104 101 98 105 118 131 144 156 168 180 192 204 207 208 209 210 215 220 224 229 234 236 235
-32768 -32768 -32768 -32768 -32768 -32768 -32768 -32768 -32768 -32768 -32768 -32768 101 103 106 108 110 113 117 121 125 121 117 112 108 104 102 99 96 93 91 88 85 82 80 77 74 -32768 -32768 -32768 67 65 63 61 58 62 66 72 76 80 84 87 84 80 76 82 84 86 87 89 91 93 96 98 101 105 110 111 111 110 110 110 109 107 104 103 116 129 142 155 168 180 192 204 213 214 214 215 216 219 224 229 233 238 237 237
-32768 -32768 -32768 -32768 -32768 -32768 -32768 -32768 -32768 -32768 103 105 107 109 112 114 116 119 123 127 130 134 137 132 128 124 122 119 116 113 111 108 105 99 94 88 83 80 69 68 67 66 65 62 59 66 75 85 94 98 102 99 96 92 88 90 91 93 95 97 98 100 102 105 107 112 114 113 113 113 112 112 112 110 107 115 128 141 153 166 179 192 204 216 219 220 221 222 223 224 228 233 237 239 239 238
-32768 -32768 -32768 -32768 -32768 -32768 -32768 -32768 105 107 109 111 113 115 117 120 122 124 128 132 136 140 144 148 148 144 142 136 131 125 120 114 109 103 97 92 91 86 74 64 63 65 66 62 59 67 79 93 106 116 116 112 108 104 100 96 99 101 103 104 106 108 110 112 115 116 116 116 115 115 114 114 114 113 113 126 139 152 165 178 191 203 215 225 226 227 227 228 229 230 232 237 241 241 240 239
-32768 -32768 -32768 -32768 -32768 -32768 107 109 111 113 115 117 119 121 123 126 128 130 134 138 142 146 150 153 154 151 146 140 135 129 123 118 112 107 102 101 100 92 80 70 66 66 67 63 61 73 86 99 112 122 123 119 116 112 109 105 105 107 108 110 112 114 115 117 120 123 122 121 120 119 118 117 116 116 125 138 150 163 176 189 202 215 227 231 232 233 234 235 236 236 237 241 243 242 242 241
-32768 -32768 -32768 -32768 110 109 111 115 117 119 121 123 125 127 129 131 134 136 140 144 148 151 155 155 155 155 150 144 138 133 127 122 116 112 111 110 109 99 87 80 74 72 71 68 66 77 90 103 115 120 124 123 119 116 112 110 109 110 112 113 115 117 119 121 126 132 131 130 129 128 127 127 126 127 135 148 161 174 187 200 213 226 235 236 237 238 240 241 242 243 244 245 244 244 243 242
-32768 -32768 115 115 115 113 112 116 120 123 127 129 131 133 135 137 140 142 145 149 153 156 156 156 156 156 153 148 142 137 131 126 123 121 120 119 117 105 97 91 85 80 78 74 71 81 93 106 115 118 122 126 123 119 116 115 114 113 115 117 119 120 122 126 132 138 140 140 139 138 137 136 135 141 147 159 172 184 197 210 223 236 238 238 239 240 241 242 243 244 245 244 241 241 241 241
121 121 120 120 119 117 114 117 121 125 128 132 136 139 141 143 146 148 151 155 156 157 157 157 157 157 157 152 146 141 135 133 131 130 129 127 124 114 108 102 95 89 86 85 88 90 96 109 113 117 120 124 126 123 121 120 119 117 118 120 122 124 126 131 138 144 150 149 148 147 146 145 149 155 161 169 182 195 208 221 234 241 240 240 240 241 243 244 245 246 247 243 238 237 237 237
126 126 126 126 123 121 118 118 122 126 129 133 137 140 144 148 151 154 156 157 158 158 158 158 158 158 159 156 150 144 143 141 140 139 137 136 131 125 119 112 106 99 95 98 101 104 106 109 112 115 119 122 126 127 126 125 124 122 122 123 125 127 131 137 143 149 156 158 157 156 155 156 162 168 174 180 192 205 218 231 243 243 242 242 242 243 244 245 246 247 246 242 237 234 234 233
131 131 131 130 127 125 122 120 123 127 131 134 138 142 145 149 153 156 157 158 159 159 159 159 159 160 160 159 154 153 151 150 148 145 143 140 139 136 130 123 117 110 104 105 108 111 113 116 119 122 125 128 130 131 130 130 129 127 126 127 128 130 137 143 149 155 161 167 166 166 165 170 176 182 188 194 203 216 228 241 246 245 245 244 244 244 245 247 248 249 245 241 236 232 230 230
136 136 136 134 131 129 126 123 124 128 132 135 139 143 146 150 154 156 158 158 159 159 159 160 160 160 160 161 159 157 154 151 149 146 144 142 141 140 139 134 128 121 115 112 115 117 120 123 126 129 132 133 133 134 134 133 133 132 131 130 132 136 142 148 155 161 167 173 176 175 177 183 189 195 201 207 213 226 239 249 248 248 247 247 246 246 247 248 249 248 244 240 235 231 227 226
142 142 141 138 135 133 130 127 126 129 133 137 140 144 148 151 154 156 159 159 160 160 160 160 161 161 161 162 161 158 156 153 150 148 146 145 144 143 141 140 139 133 127 120 122 125 128 131 134 135 135 136 137 137 137 137 136 136 135 135 136 142 148 154 160 166 173 179 185 185 191 197 203 209 215 221 227 236 249 251 250 250 249 249 248 248 248 250 251 247 243 238 234 230 225 223
147 147 145 142 139 137 134 131 129 131 134 138 142 145 149 152 154 157 159 161 161 161 161 161 161 162 162 163 162 160 157 155 152 149 148 147 146 145 144 143 142 140 138 132 130 132 135 137 138 138 139 139 140 141 141 140 140 139 139 139 147 154 159 165 171 176 182 187 193 198 204 211 217 223 229 235 241 247 254 253 253 252 252 251 251 250 250 251 251 246 242 237 233 229 224 220
152 151 149 146 143 141 138 135 133 132 135 139 143 146 150 152 154 157 159 162 162 162 162 162 162 163 163 164 164 161 159 156 153 152 151 150 149 148 147 145 144 143 142 141 137 139 140 140 141 141 142 143 144 144 144 144 143 143 143 146 159 168 174 179 185 191 196 202 206 205 211 218 224 231 237 244 251 257 256 256 255 255 254 254 253 253 252 253 250 245 241 236 232 228 222 215
157 155 153 150 147 145 142 139 137 134 137 140 144 147 150 152 155 157 160 162 163 163 163 163 163 164 164 165 165 163 160 158 155 154 153 153 152 150 149 148 147 146 144 143 143 143 143 144 144 145 146 146 147 148 148 147 147 147 146 157 170 182 188 194 199 205 211 217 216 215 218 225 231 238 244 251 258 259 259 258 258 257 257 256 256 255 255 251 245 238 232 226 219 213 206 200
162 159 157 154 151 149 146 143 141 138 138 141 145 148 150 153 155 158 160 162 164 164 164 164 164 165 165 166 166 164 162 159 158 157 156 155 154 153 152 151 149 148 147 147 146 146 147 147 148 148 149 150 150 151 151 151 151 150 156 169 181 194 203 208 214 220 225 228 227 226 225 232 238 245 251 258 262 262 262 261 261 260 259 259 258 258 255 244 231 223 217 210 204 198 191 183
166 163 161 158 155 153 150 147 145 142 139 143 145 148 150 153 155 158 160 163 165 165 165 165 165 166 166 167 167 166 163 161 160 160 159 158 157 155 154 153 152 151 151 150 150 149 150 150 151 152 152 153 154 155 155 155 154 155 168 180 192 205 217 223 228 234 239 238 237 237 236 239 245 252 258 265 264 264 264 264 263 263 262 261 261 260 248 237 224 210 201 195 189 182 176 165
170 167 165 162 159 157 154 151 148 145 142 143 146 148 151 153 156 158 161 163 165 166 166 166 166 167 167 168 168 167 165 164 163 162 162 161 159 158 157 156 155 155 154 154 153 153 153 154 154 155 156 157 157 158 159 158 158 166 179 191 204 216 229 237 243 249 250 249 248 247 246 246 252 259 265 267 267 267 267 266 266 265 265 264 264 253 241 230 217 204 190 180 173 167 161 147
168 165 162 159 156 153 150 147 143 140 138 138 141 144 147 150 153 156 159 162 165 167 167 167 168 168 168 169 169 169 167 167 166 165 164 163 162 161 160 159 159 158 158 157 157 157 156 157 158 159 159 160 161 162 162 162 165 178 190 202 215 227 240 252 257 261 260 259 259 258 257 256 259 266 270 270 269 269 269 269 268 268 267 267 257 246 234 223 210 197 184 170 158 152 144 129
164 161 157 154 151 148 145 142 139 136 135 136 137 140 143 146 149 152 155 158 161 169 169 169 169 169 170 170 170 171 170 169 169 168 167 166 165 164 163 163 163 162 162 161 161 160 160 161 161 162 163 164 164 165 166 166 176 189 201 214 226 239 251 264 272 272 271 270 269 268 267 266 266 273 272 272 272 272 272 271 271 271 270 261 250 239 227 216 204 190 177 163 150 137 126 111
158 156 153 150 147 144 141 138 135 132 133 133 134 137 139 142 145 148 150 153 160 167 170 171 171 171 172 172 172 174 175 173 172 171 170 169 169 168 168 167 167 166 166 165 165 165 166 166 165 166 167 168 168 169 170 176 188 201 213 226 238 250 262 274 281 280 279 279 278 277 277 276 275 275 275 275 275 274 274 274 274 273 266 254 243 232 220 209 197 183 170 157 143 125 127 116
153 151 149 146 143 140 137 134 131 130 130 131 131 133 136 138 141 144 147 151 159 166 173 173 173 173 174 174 174 177 179 178 176 175 174 177 177 177 177 178 178 178 178 179 179 179 179 179 179 179 178 178 178 178 177 186 198 210 222 234 246 258 270 282 282 282 281 281 280 279 279 278 277 276 276 276 276 276 276 276 276 272 259 247 236 225 213 202 190 177 163 146 127 108 114 122
148 146 144 142 139 136 133 130 127 127 128 128 129 129 132 135 137 140 143 150 158 166 173 175 175 175 176 176 178 180 182 182 181 180 180 187 191 191 191 191 192 192 192 192 192 193 193 193 193 192 192 192 192 191 193 195 206 218 230 242 254 266 278 284 284 284 284 283 282 282 281 280 279 278 277 277 277 277 277 277 276 271 260 247 234 220 207 195 183 168 149 130 111 92 100 111
142 141 139 138 134 131 128 125 124 125 125 126 126 127 128 131 134 137 142 149 157 165 172 177 177 177 178 179 181 183 185 186 185 184 186 194 201 205 205 205 205 205 206 206 206 206 206 206 207 206 206 206 205 205 208 211 214 226 238 250 262 274 285 285 285 286 286 285 284 284 283 282 281 280 279 278 278 278 278 278 274 268 261 248 235 221 208 195 175 153 132 113 94 76 86 97
137 135 134 132 130 127 124 121 122 122 123 123 124 124 125 127 130 133 141 148 156 164 172 179 179 179 180 182 184 186 188 191 189 188 193 200 208 215 219 219 219 219 219 220 220 220 220 220 220 220 220 219 219 220 223 226 229 234 246 258 270 282 287 287 287 287 287 287 286 286 285 284 283 281 280 280 279 279 279 277 272 266 260 249 236 222 209 192 166 141 120 99 78 62 73 83
131 130 128 127 125 123 120 119 119 120 120 121 121 122 122 124 126 132 140 148 155 163 171 179 181 181 183 185 187 189 191 194 194 193 199 207 214 222 229 232 233 233 233 233 233 233 233 234 234 234 233 233 233 236 238 241 244 247 254 266 278 288 288 288 289 289 289 289 288 288 287 285 284 283 282 281 281 281 280 275 269 264 258 250 237 224 209 183 156 129 108 87 66 52 55 66
126 125 123 121 120 118 116 116 117 117 118 118 119 119 119 120 124 132 139 147 155 162 170 178 183 184 186 188 190 192 195 197 198 198 206 213 221 228 236 243 246 246 247 247 247 247 247 247 247 247 247 247 248 251 254 257 259 262 265 274 286 290 290 290 290 290 291 291 290 290 288 287 286 285 283 282 282 282 278 272 267 261 255 250 238 225 200 173 147 120 96 75 56 46 37 47
121 119 118 117 116 115 116 117 117 117 118 118 119 119 119 120 126 133 140 147 154 161 169 177 185 187 189 191 193 196 198 200 202 204 212 220 227 235 242 250 257 260 260 260 260 260 261 261 261 261 261 261 263 266 269 272 275 278 280 283 291 291 292 292 292 292 292 292 293 291 290 289 288 286 285 284 283 281 276 270 264 259 253 247 239 217 190 164 137 110 84 63 51 41 31 28
121 120 120 119 119 118 120 122 122 123 123 123 124 124 124 127 135 142 149 156 163 170 177 184 192 198 199 201 202 203 204 206 207 211 219 226 234 241 249 257 264 272 274 274 274 274 274 274 274 274 273 273 276 278 281 283 285 288 290 293 292 293 293 293 293 293 293 293 292 289 288 288 287 286 285 284 284 277 271 265 259 253 247 241 229 204 179 154 128 101 74 55 45 34 20 10
123 123 122 122 121 121 124 127 128 128 128 129 129 129 130 136 144 151 158 165 173 180 187 194 203 213 214 216 217 218 219 221 222 222 229 236 244 251 259 266 274 281 281 281 281 281 281 281 280 280 280 279 280 282 285 287 289 292 294 296 294 293 294 294 294 294 294 294 291 287 286 285 284 283 283 282 278 266 258 252 247 241 235 229 205 179 154 129 104 79 54 41 22 8 -4 -7
126 126 125 125 124 125 128 130 133 133 134 134 135 135 137 145 153 161 168 175 182 189 196 204 214 224 229 230 232 233 234 235 236 236 238 246 253 261 268 276 283 288 288 288 288 288 288 287 287 287 287 286 284 286 288 291 293 296 298 298 297 295 294 295 295 295 295 294 290 286 283 282 282 281 280 276 272 260 247 240 234 228 222 207 181 155 130 105 80 55 39 30 9 -12 -29 -25
129 128 128 127 127 128 131 134 137 139 139 140 140 140 146 154 162 170 177 184 191 198 205 215 225 235 244 245 247 248 249 250 250 250 250 256 263 271 278 286 293 294 295 295 295 295 294 294 294 294 293 292 291 290 292 295 297 300 302 300 299 297 296 295 296 296 296 293 289 285 282 280 279 278 275 270 266 254 241 227 222 216 210 184 157 131 105 80 55 35 25 16 0 -21 -36 -31
