tests/data/part_zwarte_beek_mlw.asc
NCOLS 37
NROWS 37
XLLCORNER 216910.0000000000
YLLCORNER 198260.0000000000
CELLSIZE 5.000000
NODATA_VALUE 255
19 19 25 25 25 25 31 31 31 31 37 37 37 37 41 41 41 41 45 45 45 45 48 48 48 48 49 49 49 49 47 47 47 47 41 41 41
19 19 22 22 22 22 28 28 28 28 34 34 34 34 39 39 39 39 43 43 43 43 47 47 47 47 49 49 49 49 47 47 47 47 41 41 41
19 19 22 22 22 22 28 28 28 28 34 34 34 34 39 39 39 39 43 43 43 43 47 47 47 47 49 49 49 49 47 47 47 47 41 41 41
19 19 22 22 22 22 28 28 28 28 34 34 34 34 39 39 39 39 43 43 43 43 47 47 47 47 49 49 49 49 47 47 47 47 41 41 41
19 19 22 22 22 22 28 28 28 28 34 34 34 34 39 39 39 39 43 43 43 43 47 47 47 47 49 49 49 49 47 47 47 47 41 41 41
19 19 22 22 22 22 27 27 27 27 33 33 33 33 38 38 38 38 43 43 43 43 47 47 47 47 49 49 49 49 48 48 48 48 42 42 42
19 19 22 22 22 22 27 27 27 27 33 33 33 33 38 38 38 38 43 43 43 43 47 47 47 47 49 49 49 49 48 48 48 48 42 42 42
19 19 22 22 22 22 27 27 27 27 33 33 33 33 38 38 38 38 43 43 43 43 47 47 47 47 49 49 49 49 48 48 48 48 42 42 42
19 19 22 22 22 22 27 27 27 27 33 33 33 33 38 38 38 38 43 43 43 43 47 47 47 47 49 49 49 49 48 48 48 48 42 42 42
21 21 24 24 24 24 29 29 29 29 35 35 35 35 40 40 40 40 44 44 44 44 46 46 46 46 48 48 48 48 48 48 48 48 43 43 43
21 21 24 24 24 24 29 29 29 29 35 35 35 35 40 40 40 40 44 44 44 44 46 46 46 46 48 48 48 48 48 48 48 48 43 43 43
21 21 24 24 24 24 29 29 29 29 35 35 35 35 40 40 40 40 44 44 44 44 46 46 46 46 48 48 48 48 48 48 48 48 43 43 43
21 21 24 24 24 24 29 29 29 29 35 35 35 35 40 40 40 40 44 44 44 44 46 46 46 46 48 48 48 48 48 48 48 48 43 43 43
24 24 27 27 27 27 33 33 33 33 38 38 38 38 43 43 43 43 46 46 46 46 47 47 47 47 47 47 47 47 45 45 45 45 42 42 42
24 24 27 27 27 27 33 33 33 33 38 38 38 38 43 43 43 43 46 46 46 46 47 47 47 47 47 47 47 47 45 45 45 45 42 42 42
24 24 27 27 27 27 33 33 33 33 38 38 38 38 43 43 43 43 46 46 46 46 47 47 47 47 47 47 47 47 45 45 45 45 42 42 42
24 24 27 27 27 27 33 33 33 33 38 38 38 38 43 43 43 43 46 46 46 46 47 47 47 47 47 47 47 47 45 45 45 45 42 42 42
29 29 34 34 34 34 39 39 39 39 44 44 44 44 48 48 48 48 50 50 50 50 50 50 50 50 48 48 48 48 44 44 44 44 43 43 43
29 29 34 34 34 34 39 39 39 39 44 44 44 44 48 48 48 48 50 50 50 50 50 50 50 50 48 48 48 48 44 44 44 44 43 43 43
29 29 34 34 34 34 39 39 39 39 44 44 44 44 48 48 48 48 50 50 50 50 50 50 50 50 48 48 48 48 44 44 44 44 43 43 43
29 29 34 34 34 34 39 39 39 39 44 44 44 44 48 48 48 48 50 50 50 50 50 50 50 50 48 48 48 48 44 44 44 44 43 43 43
35 35 41 41 41 41 47 47 47 47 52 52 52 52 55 55 55 55 56 56 56 56 55 55 55 55 53 53 53 53 50 50 50 50 50 50 50
35 35 41 41 41 41 47 47 47 47 52 52 52 52 55 55 55 55 56 56 56 56 55 55 55 55 53 53 53 53 50 50 50 50 50 50 50
35 35 41 41 41 41 47 47 47 47 52 52 52 52 55 55 55 55 56 56 56 56 55 55 55 55 53 53 53 53 50 50 50 50 50 50 50
35 35 41 41 41 41 47 47 47 47 52 52 52 52 55 55 55 55 56 56 56 56 55 55 55 55 53 53 53 53 50 50 50 50 50 50 50
43 43 50 50 50 50 57 57 57 57 62 62 62 62 64 64 64 64 64 64 64 64 63 63 63 63 62 62 62 62 255 255 255 255 255 255 255
43 43 50 50 50 50 57 57 57 57 62 62 62 62 64 64 64 64 64 64 64 64 63 63 63 63 62 62 62 62 255 255 255 255 255 255 255
43 43 50 50 50 50 57 57 57 57 62 62 62 62 64 64 64 64 64 64 64 64 63 63 63 63 62 62 62 62 255 255 255 255 255 255 255
43 43 50 50 50 50 57 57 57 57 62 62 62 62 64 64 64 64 64 64 64 64 63 63 63 63 62 62 62 62 255 255 255 255 255 255 255
52 52 61 61 61 61 68 68 68 68 73 73 73 73 75 75 75 75 74 74 74 74 73 73 73 73 71 71 71 71 255 255 255 255 255 255 255
52 52 61 61 61 61 68 68 68 68 73 73 73 73 75 75 75 75 74 74 74 74 73 73 73 73 71 71 71 71 255 255 255 255 255 255 255
52 52 61 61 61 61 68 68 68 68 73 73 73 73 75 75 75 75 74 74 74 74 73 73 73 73 71 71 71 71 255 255 255 255 255 255 255
52 52 61 61 61 61 68 68 68 68 73 73 73 73 75 75 75 75 74 74 74 74 73 73 73 73 71 71 71 71 255 255 255 255 255 255 255
63 63 72 72 72 72 80 80 80 80 86 86 86 86 86 86 86 86 84 84 84 84 82 82 82 82 255 255 255 255 255 255 255 255 255 255 255
63 63 72 72 72 72 80 80 80 80 86 86 86 86 86 86 86 86 84 84 84 84 82 82 82 82 255 255 255 255 255 255 255 255 255 255 255
63 63 72 72 72 72 80 80 80 80 86 86 86 86 86 86 86 86 84 84 84 84 82 82 82 82 255 255 255 255 255 255 255 255 255 255 255
63 63 72 72 72 72 80 80 80 80 86 86 86 86 86 86 86 86 84 84 84 84 82 82 82 82 255 255 255 255 255 255 255 255 255 255 255
